	positive_in_degree	positive_out_degree	negative_in_degree	negative_out_degree
3	28	23	3	0
30	22	3	1	2
54	40	7	0	0
214	88	0	87	0
28	86	110	34	22
286	16	0	3	0
300	13	0	9	0
348	35	19	0	2
349	11	1	4	0
178	35	50	0	12
8283	6	0	4	0
108	3	2	8	0
567	26	2	0	0
152	43	16	8	5
182	32	57	0	22
581	12	0	0	0
371	24	109	0	8
584	14	5	0	0
586	9	7	1	5
590	32	8	0	0
39	18	40	10	1
604	13	8	0	0
611	18	0	7	0
271	171	0	12	0
25	0	58	0	31
6	19	251	1	49
8	25	161	19	21
33	32	22	2	2
50	31	12	1	2
127	17	82	2	48
23	21	47	1	25
154	17	50	1	11
252	37	0	1	0
257	22	5	3	3
261	20	6	4	2
273	7	5	6	2
19	19	39	3	0
299	103	0	53	0
302	4	9	20	4
322	30	0	10	0
80	39	53	4	4
94	3	15	24	65
356	39	15	4	2
358	10	0	2	0
339	19	75	1	5
363	16	3	2	0
370	43	0	2	0
373	20	0	0	0
377	28	0	0	0
379	21	0	0	0
415	55	4	11	0
226	20	11	1	14
422	16	0	0	0
428	14	0	8	0
8282	7	0	4	0
192	2	16	25	3
8284	5	0	5	0
514	6	0	14	0
75	61	17	8	14
55	62	50	3	13
560	40	8	0	0
282	83	32	16	7
592	17	8	0	4
280	22	73	0	3
224	16	10	2	3
645	0	14	8	2
650	14	82	0	16
255	25	81	1	5
664	25	6	1	7
667	35	18	0	1
675	25	0	0	1
310	43	220	0	8
306	22	203	0	37
325	43	15	2	10
739	48	0	12	0
246	5	0	18	1
756	44	0	20	0
706	24	54	0	40
600	76	157	1	51
549	59	3	3	1
407	83	96	47	49
723	25	1	0	0
673	34	4	6	1
659	30	13	14	1
308	40	137	1	4
864	20	0	0	0
488	22	4	0	0
893	44	0	9	0
439	69	7	1	1
86	106	90	2	28
29	39	137	2	12
696	33	2	0	4
1131	34	0	0	0
994	33	42	0	3
545	47	24	2	0
35	110	64	0	1
3755	33	0	86	0
959	65	10	13	2
4	0	9	0	19
38	14	12	0	2
10	9	72	6	14
130	20	12	0	1
147	13	48	2	10
243	55	1	29	1
140	19	24	3	6
341	12	11	1	35
232	20	18	2	5
56	101	20	44	4
151	28	44	4	30
606	1	3	14	0
5	0	22	0	1
61	20	0	0	0
93	6	1	11	0
153	2	1	16	0
89	16	21	0	8
163	13	8	1	1
167	2	0	10	0
168	24	7	0	2
175	8	1	10	0
183	27	0	0	0
216	21	6	0	2
219	18	0	0	0
250	21	0	1	0
274	24	0	5	0
132	26	18	2	10
34	13	4	7	1
301	13	1	0	0
135	35	6	0	1
359	1	0	6	0
258	12	6	1	0
362	11	1	0	0
378	17	0	0	0
390	13	0	0	0
391	33	0	0	1
392	5	0	0	0
394	19	0	0	0
396	24	0	0	0
402	47	0	3	0
421	10	0	0	0
427	21	6	1	0
431	21	0	0	0
433	12	0	0	0
435	5	0	13	0
538	10	0	0	0
236	21	38	0	1
440	16	8	0	0
566	15	0	0	0
564	17	12	0	3
589	18	0	0	0
405	17	16	5	2
609	21	0	1	0
613	15	1	1	1
616	11	1	5	0
617	10	0	1	0
619	1	0	8	0
656	53	0	1	0
668	16	2	1	0
694	1	0	4	0
406	9	33	14	1
319	18	187	0	12
700	20	0	0	0
765	94	0	6	0
779	12	0	2	0
798	29	12	1	4
802	18	4	3	0
857	86	0	24	0
881	20	0	1	0
730	42	28	4	6
741	3	0	35	0
885	16	6	2	1
643	35	44	3	2
863	31	1	2	4
895	49	2	1	4
897	12	1	7	0
228	44	6	0	0
906	0	0	18	0
733	49	7	0	1
932	27	1	0	0
936	24	0	0	0
955	20	0	5	0
966	20	0	12	0
972	36	0	0	0
979	8	0	14	0
983	0	1	5	0
704	55	76	2	4
991	21	0	0	0
995	18	0	0	0
820	16	8	1	8
789	72	194	9	116
1007	30	0	1	0
304	42	62	4	17
447	27	8	2	7
1014	40	0	19	0
1026	94	0	91	0
1043	27	19	0	2
1125	29	20	1	16
1152	18	0	4	0
1156	30	2	4	2
1144	17	7	2	0
1218	31	0	2	0
1220	11	0	2	0
1222	38	0	7	0
922	47	141	5	8
1160	10	24	11	0
171	34	56	13	14
1062	36	155	1	1
1241	26	32	1	3
1221	13	75	0	2
791	4	28	6	12
1321	7	0	19	0
227	26	4	1	1
259	63	42	15	14
432	45	154	8	3
1389	28	0	0	0
1394	28	6	2	3
1396	27	0	2	0
1428	78	155	8	27
963	24	3	14	0
1326	12	6	4	0
978	51	51	41	13
1446	16	3	1	0
1439	34	9	1	0
1453	86	0	30	0
1464	54	0	6	0
1465	17	8	2	0
1468	33	19	0	1
717	9	1	5	0
971	44	53	4	19
907	30	6	0	3
1472	0	1	4	0
1476	51	0	0	0
1478	2	0	11	0
1484	52	0	2	0
1485	7	0	12	0
1297	217	46	85	29
1490	27	0	1	0
1022	33	12	0	2
1167	73	73	0	81
826	27	207	1	40
1506	33	34	0	7
1055	24	122	1	68
1507	10	2	2	0
761	43	7	29	1
1377	37	30	2	3
1513	24	0	4	0
1514	88	0	12	0
1441	10	22	11	18
1518	28	0	0	0
1032	21	34	0	5
871	50	46	0	13
1524	23	4	0	0
960	63	17	2	5
1531	17	0	2	0
1532	1	0	10	0
1533	1	1	9	0
1538	58	72	0	9
1497	40	18	12	10
1556	28	0	1	0
1557	1	0	11	0
1563	19	0	5	0
1234	63	14	1	2
813	40	254	2	16
1569	4	4	28	0
1573	50	0	7	0
1587	26	4	1	1
1597	23	0	10	0
691	17	24	2	0
1525	43	33	9	2
1253	57	21	0	30
1489	43	40	4	23
1248	48	20	6	1
1648	58	0	12	0
1652	25	0	4	0
1654	35	0	3	0
1657	6	0	2	0
1662	27	4	6	2
579	83	3	0	1
1471	40	44	4	28
1669	22	0	0	0
913	26	3	5	0
1679	35	0	44	0
1442	21	17	3	3
1641	39	2	0	0
1501	30	19	0	20
1689	15	2	0	0
1692	18	2	0	1
1610	20	12	4	0
1168	17	5	0	0
1701	45	95	2	17
1718	36	0	27	0
1619	19	4	0	0
1716	3	4	7	2
298	46	0	0	2
904	36	56	18	62
1752	28	0	3	0
1758	43	2	6	0
1487	41	113	1	4
1768	25	0	4	0
1555	44	66	1	13
290	85	59	46	12
1774	59	0	2	0
1787	38	0	17	0
1788	27	0	1	0
1783	45	57	8	0
1798	29	0	2	0
1261	31	6	37	3
1864	17	0	29	0
1861	9	0	16	0
285	18	5	43	1
665	69	6	28	1
993	181	229	0	9
1390	28	28	2	4
1035	56	10	8	2
2409	0	0	16	0
8290	70	0	30	0
2843	7	0	4	0
2651	127	208	34	60
3892	94	0	0	0
4942	4	0	5	0
4792	61	45	0	18
2909	61	49	4	8
5323	20	2	22	1
6227	54	2	0	0
4134	17	2	21	0
5697	66	213	38	16
6965	0	0	2	0
1549	188	482	54	96
6330	66	1	14	0
1982	96	25	38	4
6790	65	10	0	1
6624	57	122	3	13
4037	305	7	136	8
7161	0	0	5	0
6765	28	1	22	0
7632	165	0	13	0
7	0	19	0	5
32	2	2	12	2
105	14	2	8	2
524	12	0	10	1
8287	29	0	13	0
1190	38	4	0	0
1193	96	22	3	9
1425	45	0	1	0
1919	113	110	9	3
144	0	0	29	0
389	4	0	6	0
1092	2	0	11	0
506	5	0	27	0
49	19	12	2	3
607	11	0	1	0
622	9	0	3	0
624	14	2	0	0
627	15	0	0	0
628	16	0	1	1
631	15	0	2	0
150	19	20	7	8
657	17	1	0	0
658	20	6	1	0
677	29	2	5	0
681	22	0	1	0
636	29	9	1	2
687	0	0	12	0
715	24	21	5	2
719	30	4	0	0
725	18	4	0	2
587	25	14	9	4
760	22	1	0	0
778	2	0	23	0
749	35	62	0	4
806	13	0	2	0
817	66	0	1	0
822	16	11	0	0
36	34	223	0	4
844	31	33	0	12
637	29	25	1	0
866	9	0	8	0
868	22	0	0	0
674	13	15	2	1
875	0	0	17	0
878	35	0	0	0
810	15	17	15	17
882	14	6	2	1
938	3	2	31	0
977	22	0	2	0
9	0	73	0	8
517	14	0	6	0
918	25	15	1	2
626	54	31	3	0
982	29	29	1	16
1580	40	0	2	0
1618	26	0	2	0
559	39	3	0	1
1103	52	5	1	4
1717	89	92	24	4
1855	81	12	24	0
1966	91	17	0	1
1384	53	20	0	17
1049	73	3	1	0
743	15	0	0	0
746	28	0	0	0
748	17	1	0	0
750	25	0	0	0
26	0	87	0	7
419	3	0	0	0
684	13	1	2	1
27	0	87	0	15
670	4	0	7	0
2398	225	54	106	7
2696	71	59	1	5
4335	141	28	83	4
4044	53	51	8	38
2917	12	2	18	0
4189	15	8	21	3
4191	160	14	89	6
3537	174	0	15	0
5210	85	0	70	0
2369	33	125	18	63
4448	97	31	2	4
4400	115	2	0	3
5412	181	0	38	0
3456	221	236	2	5
5459	175	0	0	0
5743	88	0	3	0
5844	69	0	0	0
3643	94	34	16	10
4828	119	100	18	66
15	249	39	112	11
6246	40	0	15	0
4715	57	8	0	3
5254	195	33	70	0
737	222	111	6	115
8285	2	0	5	0
934	2	0	10	0
958	42	0	0	0
313	46	38	0	16
1030	9	0	5	0
1077	0	0	8	0
1186	150	0	35	0
1286	48	54	0	10
1604	22	4	0	0
1201	80	32	9	3
1608	67	321	6	31
1638	35	3	6	0
1964	53	10	2	3
859	45	7	3	6
2470	114	0	34	0
2479	23	0	3	0
2801	27	0	24	0
6251	49	0	5	0
11	0	694	0	46
95	17	2	22	0
8286	1	0	2	0
793	6	0	4	0
829	12	0	24	0
429	21	3	0	2
839	10	0	0	0
837	12	4	1	0
838	22	34	7	2
317	41	124	6	16
849	15	0	14	0
929	6	0	4	0
942	5	0	7	0
945	23	0	2	0
1080	22	4	31	1
956	25	40	1	2
707	27	105	1	18
1128	14	10	1	3
338	15	1	0	0
989	33	0	11	0
937	62	31	7	15
1191	29	0	12	0
1196	18	4	1	5
1006	21	128	1	10
941	65	72	1	7
805	38	80	1	10
705	7	21	11	6
1259	19	40	2	5
943	20	27	0	3
1282	13	3	0	5
985	29	5	4	1
334	41	39	0	1
644	53	23	1	4
1296	31	8	0	1
647	34	28	0	4
710	40	83	2	21
803	30	5	1	1
1330	45	0	1	0
999	36	3	1	1
853	35	14	1	2
1260	0	1	13	1
1075	30	58	1	16
1372	16	0	1	0
1375	28	3	1	1
1382	24	9	2	8
762	162	38	101	10
1402	32	0	2	0
1412	25	0	4	0
1413	70	0	0	0
1127	32	58	2	5
1418	27	0	1	0
1420	22	12	4	0
1203	39	19	0	2
1435	0	0	10	0
1437	26	0	21	0
1319	64	175	7	6
1486	1	0	13	0
771	13	7	15	0
1629	18	0	0	0
1633	173	0	17	0
1649	24	0	0	0
887	55	1	0	0
1520	32	3	2	0
1661	50	36	2	30
1672	27	0	0	0
1279	63	117	1	7
1211	111	63	75	14
1680	49	4	36	0
230	33	6	11	0
575	14	3	0	0
1726	60	0	0	0
1124	18	17	0	3
1732	18	16	4	2
1322	48	12	11	0
1199	41	2	21	0
1746	28	7	0	0
1747	24	3	0	0
1687	3	6	8	0
1771	0	0	6	0
1496	73	185	1	24
1780	23	0	12	0
1000	36	34	2	26
1791	28	0	1	0
1628	33	10	0	2
1802	34	0	0	0
1811	45	35	1	6
1842	113	0	31	0
1805	28	2	13	0
1849	32	1	17	0
1859	37	3	24	0
1411	19	0	19	1
1880	30	0	0	0
935	46	19	0	3
1884	1	0	21	0
1893	91	0	2	0
1534	47	1	0	1
1034	33	33	0	0
763	54	44	0	23
1836	69	15	8	0
1901	29	1	0	0
1903	45	0	0	0
1908	46	9	0	0
1658	38	5	0	4
1920	13	0	10	0
1230	46	31	1	2
372	41	2	3	2
1857	17	6	8	2
1165	42	11	5	2
204	103	10	24	2
1953	39	0	0	0
1956	102	0	38	0
1963	38	0	0	0
1164	72	23	1	16
1969	50	0	1	0
1858	43	1	0	0
1973	36	0	13	0
1927	43	2	1	0
1284	56	18	0	2
1979	26	2	4	0
1816	56	9	0	1
1983	16	0	1	0
1987	36	0	0	0
1622	84	38	1	12
1151	57	441	14	28
1482	78	26	1	0
2004	27	0	5	0
2007	5	0	7	0
1697	47	42	1	28
1200	42	91	0	16
2055	6	0	8	0
1550	20	18	0	24
2060	12	0	9	0
908	56	6	0	3
1585	101	76	0	25
2066	193	0	55	0
2073	49	0	0	0
1991	25	66	0	0
2079	30	0	0	0
1707	27	29	0	5
2095	34	6	3	0
1730	32	29	0	16
2097	34	2	0	5
2101	4	0	14	0
1137	22	101	0	33
2109	22	26	0	20
1407	43	3	2	0
1965	38	9	0	0
2114	75	31	6	8
2119	22	4	0	1
1566	50	38	0	8
2137	26	0	0	0
1285	46	24	0	7
2151	55	0	11	0
2157	43	0	13	0
2168	22	3	0	0
1772	70	91	1	49
873	16	4	11	1
2178	22	2	1	1
2181	27	2	1	0
1111	57	41	5	19
2085	28	28	1	0
2202	18	0	0	0
975	30	8	0	3
2205	4	0	16	0
2206	4	4	13	10
836	27	26	0	0
1985	21	53	0	3
1714	30	4	0	1
1444	26	2	0	0
1583	25	74	0	12
1613	24	12	1	3
2128	63	3	2	0
2091	34	6	4	2
2241	39	14	1	0
764	36	22	1	12
1848	33	13	0	3
1378	59	13	0	1
1749	24	58	5	10
2071	60	7	0	0
2253	20	0	2	0
946	60	80	1	27
2246	39	7	1	1
1061	21	2	10	1
8291	38	0	33	0
1353	45	24	0	6
2273	42	0	5	0
2145	133	124	2	18
1542	38	227	1	17
1997	54	88	1	0
1977	45	33	3	1
1888	73	28	0	8
1243	34	2	2	3
1565	31	7	1	1
2329	38	0	0	0
2333	32	0	0	0
2339	34	0	0	0
2341	41	0	2	0
2345	27	0	7	0
2350	21	0	1	0
1031	64	15	4	4
947	43	20	0	6
1621	59	73	0	6
2362	1	0	6	0
1097	44	87	2	1
2062	54	114	14	6
1547	39	25	1	3
2385	44	0	1	0
2193	58	8	0	4
2397	40	0	29	0
2400	58	0	3	0
722	56	113	0	143
1492	92	157	1	0
1700	77	46	3	47
332	55	0	0	0
744	4	1	6	0
2426	4	0	18	0
2435	32	27	0	8
2475	35	2	1	0
2484	1	0	13	0
2240	79	100	25	8
2332	23	20	1	16
2490	24	0	30	0
2182	7	1	21	0
2499	7	0	24	0
1835	57	52	7	19
1250	41	0	2	0
1018	43	3	3	2
2517	55	4	28	1
2504	97	81	2	19
2570	32	1	8	0
968	31	5	2	0
2575	8	0	13	0
2579	58	0	1	0
1012	0	2	33	5
2580	21	0	14	0
2587	49	12	1	0
2117	105	18	0	5
2604	25	0	3	0
2625	287	0	30	0
2593	106	26	9	6
2643	69	0	31	0
1847	77	43	0	4
2665	45	6	7	0
2619	101	44	6	3
2669	34	0	8	0
2294	7	4	19	5
1992	82	16	1	0
2076	30	0	0	0
2685	70	0	1	0
350	47	2	1	0
2720	3	0	22	0
1521	62	98	5	1
1374	63	369	26	88
1154	13	2	25	0
1637	40	1	8	0
2754	39	0	31	0
1653	43	2	0	0
2763	41	0	21	0
1646	56	4	0	1
1592	33	25	5	5
2777	16	0	24	0
2787	54	5	6	0
2410	49	27	1	7
2794	77	0	3	0
3136	81	0	2	0
3464	40	0	0	0
3529	71	0	1	0
3650	104	0	4	0
3352	233	159	30	110
3680	78	0	4	0
3114	44	0	0	1
3010	44	115	2	8
3005	132	26	1	2
2257	72	46	0	3
2485	159	273	1	48
2657	164	34	1	10
2411	85	94	54	46
3480	86	12	4	6
2727	91	33	2	0
3028	85	95	0	92
3807	60	0	4	0
2686	63	112	0	44
2900	41	28	72	1
2923	41	30	41	6
3847	50	0	1	0
3404	81	72	0	17
3059	82	32	1	0
3871	33	5	22	0
3084	125	52	27	10
3117	117	0	67	0
3026	110	139	3	33
1706	63	4	3	0
3903	72	0	0	0
2544	51	9	6	2
3007	71	8	11	7
465	82	9	0	8
2585	114	45	2	15
3926	46	0	18	0
2508	93	13	24	0
3937	41	0	11	0
608	80	3	20	0
3024	104	47	0	5
3812	83	31	10	21
3260	84	8	15	0
3967	22	0	23	0
3970	69	0	2	0
3180	34	23	21	1
3800	65	3	0	0
2535	152	23	76	24
2746	101	19	0	6
2252	60	15	30	7
2595	60	39	5	10
2655	63	29	0	20
4011	83	0	13	0
2210	87	16	44	1
4021	54	0	24	0
4024	9	2	29	0
8293	93	0	71	0
3258	59	64	16	30
3843	87	7	14	11
4043	58	0	2	0
2384	47	58	2	13
2506	67	28	4	18
4058	9	0	7	0
3562	108	38	28	2
4088	8	0	16	0
1307	68	0	19	0
825	103	129	2	35
2981	65	35	0	8
2328	260	202	6	13
2653	132	98	25	15
4162	73	15	0	1
4055	76	3	2	0
1239	64	0	1	1
4179	98	0	2	0
2859	68	87	26	51
2958	128	45	1	2
4013	51	4	8	17
4201	56	1	29	1
3439	80	68	16	19
3787	38	221	7	9
3615	102	111	4	33
3631	80	65	19	26
4231	2	1	15	0
4247	92	0	29	0
3291	115	56	21	2
2932	58	48	1	14
2134	80	13	1	1
3463	8	54	15	2
4263	65	1	0	0
4269	59	3	8	0
3192	106	38	40	18
4256	96	0	4	0
4289	52	0	6	0
4290	54	2	13	0
4299	63	0	3	0
3394	59	113	23	42
3568	132	122	2	24
2565	164	751	106	127
1990	74	29	12	7
3661	51	28	2	8
2612	47	25	3	4
1729	69	15	1	4
3660	50	64	2	22
4384	65	0	17	0
2289	55	13	8	1
1385	68	23	58	11
4417	37	0	4	0
4424	59	0	14	0
4297	80	30	15	7
2871	159	157	3	119
3645	86	34	4	6
2646	57	30	13	9
4463	74	0	7	0
4422	43	6	1	9
3144	71	65	1	23
4485	61	11	3	1
3125	74	16	1	0
3806	37	29	1	14
4510	59	0	17	0
4528	51	0	6	0
4531	65	7	4	8
1688	93	24	1	1
3454	92	124	2	24
3140	71	1	18	1
4578	93	0	4	0
1185	47	23	2	18
3557	35	7	39	3
4072	46	20	0	8
2144	95	17	12	6
3956	49	52	2	31
2760	51	20	2	3
3958	80	15	16	0
72	57	104	95	57
4613	49	0	3	0
3014	66	0	31	0
3443	119	13	22	7
3034	122	35	8	3
3309	45	3	10	1
3453	58	229	9	87
3321	88	16	0	2
4661	65	18	11	1
4662	47	42	0	3
4261	91	23	1	1
4719	63	0	0	0
3635	69	32	5	31
2811	53	8	5	11
3748	75	26	2	4
4266	70	11	12	0
2456	79	30	0	1
4796	60	3	1	1
4212	52	27	4	25
4040	74	71	0	33
4808	44	0	4	0
4811	51	0	27	0
4103	35	1	18	0
4814	44	16	1	4
1360	53	10	0	12
4820	38	0	18	0
4706	58	3	0	0
4827	72	1	0	0
2237	147	237	32	4
3073	37	33	0	1
3334	131	11	82	2
2014	45	10	5	0
3433	47	8	0	1
1305	71	224	2	65
4962	55	0	0	0
4938	46	13	0	0
1769	70	60	0	7
1310	63	2	1	0
3607	65	21	3	3
3458	41	61	6	8
3447	81	195	0	70
2775	117	35	28	0
5026	60	0	1	0
3452	70	89	4	41
3002	71	5	1	0
4124	120	27	3	23
5055	77	0	1	0
2364	78	10	1	4
5073	57	0	0	0
3284	57	7	0	13
5092	72	0	0	0
5100	78	0	6	0
5106	64	23	0	9
2381	100	33	0	38
5130	75	0	4	0
5132	27	0	6	0
3092	58	50	3	30
5144	64	0	2	0
4547	69	41	0	4
6496	85	0	0	0
4065	57	104	0	27
6715	81	0	0	0
6170	33	8	0	6
5802	39	236	2	143
6739	30	0	15	0
5037	57	17	0	1
3830	50	18	7	2
4709	75	24	0	1
12	0	50	0	15
697	58	85	2	15
663	43	127	10	28
2708	37	5	21	4
3371	50	0	14	0
4233	41	2	16	0
13	0	8	0	3
14	0	99	0	15
477	3	0	20	0
368	1	1	15	0
1053	48	0	16	0
1123	47	0	18	0
324	4	13	12	1
797	3	4	6	1
2016	61	12	2	1
3717	14	1	25	0
3720	32	9	24	2
8294	66	0	39	0
4666	102	23	39	1
1548	27	2	21	2
5545	52	0	16	0
5404	86	13	30	27
6498	44	0	8	0
5922	45	7	7	0
7040	17	0	13	0
7052	67	114	13	28
6946	93	24	22	44
840	39	7	22	0
7119	45	0	2	0
6913	88	34	2	10
5582	24	105	15	0
7295	31	6	20	7
6503	27	4	16	0
6198	8	12	7	2
8292	17	0	24	0
417	75	8	32	1
974	82	29	11	7
4561	0	0	3	0
2229	0	17	5	126
4658	0	0	2	0
4645	11	1	15	0
4600	112	15	1	0
7871	46	0	1	0
16	0	15	0	0
17	0	39	0	5
18	0	8	0	4
20	0	151	0	34
981	23	16	0	0
321	42	22	1	5
1044	18	9	0	0
8288	1	0	13	0
861	25	16	0	0
2165	26	0	6	0
2281	8	2	5	0
2348	14	0	11	0
2828	58	0	0	0
2877	45	0	36	0
425	37	49	5	30
3516	72	0	38	0
2324	86	2	0	1
2693	100	130	1	19
4373	29	0	26	0
5327	26	0	17	0
3027	89	30	1	9
5775	77	39	0	3
5780	56	0	4	0
896	53	23	30	3
6229	40	18	30	1
6262	45	0	9	1
5814	82	103	18	41
2774	95	45	12	1
3614	49	180	1	24
2285	40	16	39	1
1352	63	116	4	5
5714	106	42	1	2
5818	76	40	1	27
7726	36	3	7	0
6780	61	6	0	0
21	0	74	0	2
794	31	9	0	9
2814	47	0	1	0
22	0	2	0	0
601	3	9	5	0
1039	23	6	1	0
1029	1	20	11	115
1593	52	0	0	0
24	0	263	0	43
311	46	290	1	28
742	26	79	2	12
769	41	130	2	16
1419	49	29	1	12
1723	75	1	1	0
2264	67	49	0	8
1705	54	44	3	3
2922	46	0	1	0
2375	64	32	0	17
2926	5	0	19	0
1808	82	99	0	30
2955	65	0	0	0
2963	73	0	0	0
2560	60	87	2	92
1315	32	3	23	3
2323	103	53	28	58
2815	42	10	3	2
2999	53	6	1	1
2707	69	99	1	4
1357	116	84	1	7
1734	100	47	1	8
1754	122	17	0	6
2830	68	6	3	0
2697	79	41	2	4
1781	52	6	0	0
1416	84	6	0	7
3164	34	0	22	0
2371	83	90	1	34
1837	10	25	13	2
1267	87	61	3	0
2225	109	33	0	1
1814	76	78	3	27
856	61	30	13	61
633	63	47	0	8
3351	64	0	0	0
3018	29	18	32	1
3408	110	0	2	0
3410	0	0	15	0
3473	85	0	2	0
2542	85	73	5	20
2819	64	12	0	6
2660	123	136	5	24
2667	71	91	2	33
2209	69	25	2	6
1100	8	2	24	0
4349	26	0	26	0
4953	50	0	14	0
3854	58	77	0	4
3898	52	2	16	0
4999	73	0	0	0
2516	136	36	23	8
5162	37	4	15	1
5341	28	1	28	1
2354	2	0	117	2
3910	86	13	1	20
5123	88	59	15	10
2822	79	29	2	14
5423	75	36	19	12
5511	20	3	29	0
5484	90	17	62	5
4338	85	11	3	29
1473	90	69	5	21
5863	41	0	16	0
3586	87	133	1	23
2276	80	21	9	12
4310	130	210	1	63
4276	21	47	19	5
6441	47	0	16	0
6566	44	0	15	0
4712	171	91	22	30
6833	72	1	23	0
5596	72	11	0	19
6855	51	13	18	1
3792	64	18	1	8
6869	73	1	1	0
6272	45	74	1	2
6948	17	0	10	0
6955	54	0	0	0
4944	45	3	0	1
6097	58	24	3	2
7143	44	0	2	0
7144	46	0	1	0
1023	30	9	0	0
1038	12	6	1	0
2120	95	54	2	66
2834	57	2	0	3
2599	37	9	0	0
3150	42	8	7	2
3089	196	4	40	0
2135	79	132	0	13
2594	122	40	5	5
2297	103	146	4	17
3489	71	0	0	0
1166	140	272	4	303
4303	0	0	3	0
2689	47	34	0	4
4929	59	4	6	5
2831	77	39	1	0
4099	144	94	18	58
3274	59	56	0	13
4574	76	35	1	5
4781	61	27	1	0
5804	66	22	0	11
4483	77	132	0	21
6437	64	0	3	0
6006	107	47	2	21
5799	67	14	2	9
4717	73	54	5	7
2620	60	24	14	0
5822	64	81	0	17
7115	88	0	0	0
7289	0	0	9	0
5897	59	1	0	1
5529	48	29	21	9
6151	55	13	3	0
7908	85	0	0	0
6044	69	2	4	0
5022	122	170	39	2
5605	90	10	0	1
8174	80	0	0	0
37	0	19	0	1
3976	80	42	65	103
4735	130	0	65	0
6123	89	18	0	6
40	0	10	0	1
41	0	27	0	2
42	0	84	0	5
823	9	11	0	4
1024	6	40	27	1
6458	67	22	0	6
7108	52	0	9	0
43	0	4	0	0
44	0	42	0	2
2652	0	0	17	0
3813	54	70	13	24
4875	98	0	77	0
8295	68	0	49	0
6306	67	0	12	0
4687	70	18	31	5
4795	68	63	18	9
5439	42	38	1	27
6432	39	0	8	0
7092	134	74	21	18
45	0	6	0	2
46	0	57	0	2
3435	37	3	8	1
3506	12	0	19	0
47	0	104	0	40
1300	1	0	0	0
1603	49	8	2	8
1236	34	97	0	6
2185	7	0	3	0
1564	12	26	41	1
3803	55	8	22	2
3946	22	0	39	0
3897	161	7	21	2
6875	59	15	0	0
8212	49	0	0	0
48	0	17	0	4
51	0	14	0	10
52	0	1	0	0
53	0	24	0	15
1744	55	5	19	3
3646	9	9	29	0
4183	0	0	10	0
4235	2	0	6	0
3276	61	58	69	20
4389	0	0	1	0
5640	18	0	21	2
4764	38	52	0	1
5998	49	75	1	4
5079	140	225	25	42
714	1	0	21	0
682	6	3	20	0
795	20	55	0	5
1020	0	0	12	0
784	19	187	5	35
1432	5	1	1	0
515	1	0	9	0
2211	26	0	8	0
57	0	12	0	1
58	0	31	0	6
5378	43	13	1	4
8237	31	0	2	0
59	0	94	0	0
1595	24	0	0	0
928	18	13	3	8
2174	84	48	3	16
2946	14	0	16	0
2547	51	60	1	45
1918	50	18	22	2
2966	33	0	5	0
2972	36	263	10	91
2977	22	0	9	0
2979	10	0	14	0
2724	13	6	29	4
2550	44	16	6	10
3015	50	30	0	14
6166	33	0	1	0
5624	55	20	0	8
60	0	9	0	0
7624	58	0	0	0
62	0	10	0	7
2092	2	6	1	1
2247	6	0	1	0
63	0	1	0	0
64	0	1	9	0
65	0	2	0	0
66	0	38	0	6
2799	8	6	34	2
4588	7	9	29	2
7961	83	0	1	0
5614	30	5	1	3
71	0	63	0	43
1636	0	1	9	0
2106	35	0	10	0
3681	11	0	31	1
1915	11	16	23	17
3804	12	4	25	1
3576	5	4	16	0
4780	0	0	31	0
5058	20	0	13	0
5449	82	0	22	0
6094	13	11	26	0
6327	77	69	40	38
5421	23	4	16	0
5671	49	1	7	2
7809	124	0	0	0
6914	83	51	41	44
7921	7	0	17	0
4098	25	7	31	1
5683	43	0	34	0
5061	47	4	0	9
5524	122	379	24	9
3498	83	92	0	22
3479	41	80	18	21
4994	56	17	1	2
6004	60	5	28	1
5321	53	13	29	19
3459	119	70	67	23
6979	63	0	40	0
6774	106	23	7	1
6832	162	0	6	0
7478	69	0	23	0
7279	61	17	14	2
7620	132	0	70	0
3238	145	22	0	6
8042	54	1	1	0
8128	40	0	0	0
7050	16	3	34	2
73	0	10	0	3
76	0	2	0	0
78	0	24	0	16
1192	1	1	19	0
79	0	27	0	26
930	5	0	19	0
77	0	23	0	2
81	0	3	0	15
1157	50	1	29	1
82	0	1	0	0
83	0	8	0	0
91	0	1	0	1
67	0	13	0	4
84	0	1	0	0
85	0	1	0	0
2809	48	0	5	0
3050	4	0	29	0
2576	149	135	38	11
5936	35	2	26	0
2160	70	11	23	15
6930	58	0	1	0
7553	107	0	79	0
5028	71	38	3	4
3310	38	16	1	2
87	0	157	0	37
2053	25	1	15	0
2256	94	123	13	123
2623	52	45	2	62
4110	49	4	51	0
4078	1	2	8	1
3912	1	15	10	2
4332	0	0	6	0
4453	30	0	27	0
3460	59	17	18	5
2790	63	139	63	34
5308	5	0	14	0
5392	47	0	18	0
5415	12	0	30	1
2764	48	1	1	0
5630	3	31	16	5
5020	45	43	64	94
5732	48	0	0	0
5737	44	0	3	0
5072	62	3	4	0
5790	43	0	7	1
5963	56	0	34	0
2925	35	18	0	1
3873	73	3	4	1
6296	46	0	3	0
5200	80	14	9	2
5798	44	7	3	5
5684	53	17	1	1
6337	66	0	5	0
6400	31	0	18	0
6407	6	0	26	0
5584	53	12	0	0
4748	52	19	0	19
6553	12	0	17	0
6156	74	20	11	2
7381	60	0	0	0
4632	57	188	1	33
7662	63	0	0	0
6174	35	10	0	0
7649	58	8	0	2
3962	97	2	2	2
8141	23	0	21	0
6737	32	1	0	0
88	0	0	0	1
1270	0	0	8	0
1612	0	5	11	63
2991	10	6	14	1
3921	0	0	7	0
3974	0	0	6	0
90	0	62	0	10
1596	12	28	31	1
92	0	5	0	0
99	0	15	0	9
6592	0	1	6	0
7588	1	7	16	1
6560	76	41	62	2
7803	28	0	26	0
4071	66	15	8	2
1498	51	4	1	2
5812	45	41	3	0
3293	47	7	0	2
6918	52	23	9	6
8132	0	0	14	0
7574	1	0	18	0
6634	126	3	74	0
96	0	1	0	1
100	0	4	0	1
101	0	11	0	5
98	0	5	0	3
31	0	6	0	8
102	0	2	0	3
1232	0	1	5	0
103	0	54	0	14
5452	50	17	14	0
5503	0	0	3	0
6589	27	0	0	0
6967	0	0	7	0
4536	116	57	54	24
7074	7	0	14	0
6665	100	25	10	4
2851	92	43	0	1
2589	2	0	21	0
5800	120	171	14	50
5872	79	25	13	2
7618	47	1	0	2
115	0	0	0	3
116	0	0	0	2
104	0	18	0	11
106	0	6	0	3
3033	74	38	1	7
68	0	180	0	91
2618	18	47	18	5
2102	59	30	4	15
2912	55	26	2	7
3056	7	32	32	10
2072	7	119	16	3
3145	10	17	17	1
1792	55	11	5	20
2654	149	54	60	48
2951	39	14	10	5
3307	70	0	11	0
2325	62	1	4	1
3021	51	5	2	2
2338	50	5	6	1
2597	43	1	5	1
2973	71	0	1	0
3816	2	0	16	0
2307	13	4	21	3
3980	2	1	11	1
3313	2	5	14	0
4051	8	1	24	0
4111	1	10	9	7
3949	0	26	5	4
4351	2	4	14	0
4584	0	0	10	0
4896	0	0	1	0
5245	6	0	22	0
3691	49	69	2	26
4587	96	25	1	2
5351	0	0	6	0
5430	63	6	2	0
5457	17	20	24	24
5463	53	0	4	0
4631	1	1	25	0
5637	58	0	0	0
5639	5	3	12	1
5721	29	8	18	2
2001	62	37	0	2
5745	0	0	20	0
5226	75	13	0	4
5445	56	39	2	24
4211	1	38	9	26
5848	50	0	1	0
5680	52	2	1	2
5860	6	0	9	0
3376	2	0	31	0
5886	80	0	7	0
5925	64	0	0	0
5994	41	0	16	0
1159	34	2	17	0
2765	37	29	0	0
6083	1	0	8	0
6098	62	0	0	1
6124	71	0	0	0
6130	0	0	6	1
5179	46	196	54	19
5527	44	2	16	0
5437	40	24	0	2
5262	75	35	1	24
5972	0	2	18	0
5620	4	6	30	1
5233	67	19	82	5
6505	67	0	0	0
4791	16	1	34	0
3634	105	53	0	28
2440	75	41	0	9
4604	42	3	0	4
6599	43	0	7	0
5188	68	206	1	5
6682	0	0	10	0
5002	109	110	24	5
5543	122	126	22	11
7094	27	0	11	0
7168	40	0	13	0
5288	98	0	27	0
6784	114	39	1	3
5806	81	43	1	40
5902	66	1	19	0
4884	41	4	7	0
7544	28	10	18	1
7795	49	0	5	0
7839	36	0	33	0
5839	83	33	2	8
5655	2	47	9	91
4981	87	47	0	5
5933	34	4	1	0
7063	61	15	0	1
7341	22	2	5	0
5096	48	14	0	0
8178	31	0	23	0
7233	53	18	3	4
8051	43	5	1	3
117	0	0	0	1
118	0	0	0	1
119	0	0	0	1
107	0	4	0	0
109	0	159	0	30
5626	36	3	1	1
6344	1	2	3	0
6328	54	0	5	0
6376	0	0	4	0
4798	51	3	3	1
4786	2	3	18	0
6464	1	0	8	0
6481	62	0	0	0
5140	41	50	0	1
6511	3	0	10	0
5479	43	12	0	16
6528	34	0	0	0
6529	1	0	13	0
5273	58	12	0	0
6567	7	0	9	0
6576	47	0	0	0
6552	34	25	0	4
1074	2	75	9	20
6600	61	0	0	0
5827	59	14	0	1
6699	44	0	0	0
5824	21	29	11	12
4441	2	183	19	19
8297	18	0	24	0
5871	74	48	1	2
6788	4	0	9	0
6770	58	5	8	1
5829	67	11	9	1
6860	49	0	0	0
6001	44	5	4	0
5295	44	22	6	0
6901	42	0	4	0
5739	74	37	0	8
5563	89	2	14	0
6934	67	50	6	14
6523	61	31	25	2
6951	0	26	2	21
7101	44	0	0	0
2511	47	4	0	4
7185	10	0	21	0
4361	65	2	23	4
7373	38	0	7	0
5760	77	3	16	0
7414	94	0	1	0
6417	60	0	11	0
6442	53	2	0	2
7400	54	15	0	0
7225	33	24	41	23
5465	35	0	13	0
7668	1	0	7	0
7047	38	132	16	29
7694	37	0	2	0
6980	63	0	6	0
7757	51	0	2	0
7763	56	0	1	0
7280	60	71	3	18
7788	43	0	1	0
6043	50	38	0	1
6555	94	33	14	2
7005	47	13	0	0
6596	13	135	18	43
3752	55	15	0	0
7021	91	15	2	0
7393	4	10	12	3
5819	51	52	4	9
4401	53	5	9	4
7810	48	7	3	2
7924	34	2	28	1
4940	74	0	4	0
110	0	59	0	36
7855	52	0	0	0
4435	38	2	0	1
7862	53	8	0	3
111	0	26	0	3
120	0	2	0	6
112	0	1	0	0
121	0	2	0	7
122	0	183	0	28
2805	54	0	2	0
2768	27	28	2	11
403	51	18	1	2
2322	71	15	10	4
2968	53	35	0	19
1291	60	34	0	0
3029	60	1	1	1
3251	62	0	0	0
3253	107	0	3	0
1393	49	3	2	1
2474	78	96	3	42
2700	48	113	10	55
3580	59	0	22	0
3587	66	4	17	11
3173	43	6	17	1
3148	61	18	3	8
3520	18	1	20	0
2747	63	63	14	16
3772	2	1	24	0
3776	2	0	15	0
1777	30	1	27	0
3541	32	62	17	19
3887	33	0	18	0
4117	8	0	8	0
4365	46	0	14	0
1984	7	7	34	0
3106	47	5	10	0
1247	46	66	4	10
5155	52	16	2	8
4977	21	2	22	1
5506	43	0	3	0
5509	46	0	2	0
4964	67	49	15	11
5592	13	0	16	0
3393	52	10	13	0
5651	54	1	4	0
4530	65	6	16	3
5454	51	19	14	0
5947	75	0	0	0
5335	74	0	20	0
7699	59	0	20	0
113	0	68	0	20
686	20	57	4	26
5178	117	15	0	4
7651	50	0	1	0
123	0	0	0	1
124	0	1	0	2
114	0	1	0	0
125	0	26	0	1
126	0	23	0	2
2928	2	2	14	0
3265	89	0	3	0
2687	13	11	24	2
2290	66	94	8	26
3549	0	0	11	0
3009	50	38	4	13
3567	12	17	11	1
3713	2	0	6	0
3769	4	0	36	0
4234	27	1	13	2
346	26	26	16	60
5928	49	4	4	0
7012	43	10	0	0
128	0	51	0	29
1950	1	0	4	0
2069	0	17	13	0
2386	3	0	14	0
2366	7	6	7	1
2340	2	4	21	0
3126	5	1	22	0
129	0	4	0	0
133	0	8	0	2
134	0	0	0	2
136	0	62	0	36
5482	44	12	16	0
5738	8	12	35	2
5980	2	4	26	4
6472	2	0	10	0
6628	4	0	15	0
3919	24	14	18	1
5950	10	3	28	1
6670	0	0	7	0
4412	11	2	17	0
6707	2	0	9	0
6299	90	65	13	11
6725	13	0	15	0
1493	13	1	14	0
6777	2	0	13	0
6805	1	0	11	0
4713	46	0	11	0
6938	3	2	10	3
6953	13	1	17	0
6997	1	0	3	0
3346	33	4	32	1
7301	66	18	3	10
7442	18	0	13	0
6000	32	8	14	2
7054	40	20	10	19
3297	27	39	12	12
137	0	0	0	1
138	0	68	0	4
139	0	29	0	8
141	0	0	0	1
142	0	11	0	14
143	0	91	0	3
145	0	16	0	2
5189	59	220	4	87
6720	39	0	12	0
146	0	1	0	0
149	0	1	0	0
4403	0	0	9	0
155	44	16	9	12
7493	0	2	7	2
6923	1	2	8	0
7587	75	0	18	0
7604	1	0	11	0
7116	39	1	3	0
7648	0	1	9	0
7647	12	2	13	2
7652	2	0	9	0
7672	0	0	1	0
6993	13	75	17	6
7701	3	2	12	1
7927	46	0	0	0
156	0	3	0	1
157	0	39	0	4
1114	7	33	0	4
74	0	65	0	4
158	0	2	0	5
159	0	0	0	1
160	0	0	0	1
161	0	25	0	7
1240	0	0	8	0
3429	0	0	7	0
162	0	3	0	1
166	0	73	0	19
1935	10	5	29	2
6305	44	141	9	48
6945	19	16	5	2
7695	39	3	0	0
8079	1	0	8	0
8083	33	0	7	0
8134	44	1	15	0
5246	21	28	15	16
8163	43	0	0	0
8198	20	0	15	0
165	0	2	0	1
1140	7	0	39	0
4689	34	1	0	0
172	0	115	0	8
1757	14	16	19	0
3099	28	0	21	0
2662	40	2	16	0
3243	11	0	28	0
3020	51	48	9	4
2356	53	56	4	1
3030	56	0	18	0
3338	45	3	10	0
1571	62	22	0	2
3670	24	0	10	0
2510	87	68	0	1
1972	47	181	0	0
173	0	324	0	8
1537	19	68	1	0
314	9	1	4	0
948	31	26	0	3
6269	1	0	9	0
6606	1	0	20	0
6414	71	15	22	6
6994	12	9	22	10
7813	38	0	1	0
174	0	0	0	1
176	0	39	0	0
177	0	14	0	5
4646	6	0	22	0
1799	80	42	0	6
1733	39	39	0	3
179	0	15	0	2
180	0	54	0	0
181	0	2	0	1
185	0	3	0	1
194	0	3	0	2
211	0	1	0	1
187	0	32	0	5
188	0	3	1	0
2713	53	160	1	39
189	0	1	0	0
196	0	0	0	1
190	0	2	0	0
197	0	6	0	5
195	0	0	0	1
198	0	0	0	1
199	0	11	0	6
2721	22	2	12	0
191	0	3	0	10
200	0	0	0	1
212	0	1	0	0
201	0	20	0	1
202	0	3	0	3
203	0	23	0	8
3835	12	25	37	9
205	0	9	0	3
206	0	0	0	1
207	0	0	0	1
208	0	3	0	3
209	0	9	0	1
210	0	0	0	1
213	0	0	0	1
215	0	80	0	20
1141	12	2	0	0
2195	0	0	20	0
2234	2	10	12	4
2242	1	3	10	0
2378	1	4	6	0
2736	2	1	13	0
217	0	1	0	0
218	0	1	0	1
221	0	10	0	0
222	0	3	8	1
223	0	17	0	2
1793	10	0	8	0
225	0	1	0	0
1955	0	0	6	1
1678	6	2	10	1
240	0	2	0	3
242	0	1	0	1
244	0	3	0	1
245	0	1	0	2
249	0	13	0	2
247	0	5	0	6
231	0	44	0	6
5263	24	74	25	1
233	0	1	0	0
234	0	1	0	0
235	0	2	0	0
237	0	34	0	7
2838	7	20	22	1
8121	53	0	0	0
241	0	8	0	0
248	0	0	0	1
238	0	3	0	0
239	0	1	0	0
169	0	3	0	0
253	0	1	0	0
254	0	14	0	10
1287	0	0	6	0
256	0	8	0	2
260	0	6	0	0
2770	14	1	11	0
5828	66	0	8	0
6840	3	0	11	0
5773	56	61	23	15
263	0	19	0	3
5222	50	1	1	0
3726	48	3	0	0
264	0	1	0	0
265	0	30	0	1
827	9	3	20	0
5083	40	0	24	0
6691	1	0	4	0
266	0	13	0	0
267	0	1	0	0
268	0	3	0	0
269	0	25	0	5
270	0	14	0	0
4432	47	8	1	0
276	0	4	0	3
277	0	0	0	2
275	0	46	0	10
2844	1	0	8	2
2785	70	0	25	1
283	0	2	0	0
284	0	1	0	6
287	0	0	0	1
288	0	0	0	1
289	0	0	0	1
291	2	30	0	5
4466	4	0	20	0
4776	10	0	13	0
2326	29	234	20	17
3455	31	58	19	9
294	0	0	0	1
292	0	5	0	1
293	0	3	0	0
295	0	4	0	1
296	0	4	0	6
297	0	0	0	1
4983	64	4	21	0
5793	0	0	2	0
303	0	1	0	2
1833	4	5	5	1
903	0	0	5	1
1277	8	0	17	0
4138	31	58	29	6
5182	59	14	0	0
5176	8	98	38	41
5969	3	5	37	0
3191	30	55	18	13
4041	77	53	5	15
6029	36	2	1	0
307	0	4	0	1
320	0	3	0	4
309	0	1	0	0
2121	1	0	10	1
4471	4	2	6	0
3664	45	1	1	0
5239	48	0	1	1
4482	38	6	0	1
3417	77	28	0	2
5753	47	4	0	0
2425	0	0	9	0
2672	0	12	3	1
2918	13	3	28	0
3068	3	0	18	0
4650	0	0	7	0
2605	50	57	0	7
4534	54	16	0	3
6595	37	12	3	0
2940	61	89	2	33
3969	39	56	0	34
7833	54	4	0	0
312	0	216	0	10
315	0	69	0	8
316	0	3	0	0
305	0	6	0	1
318	0	2	0	1
2629	1	0	13	0
3547	2	0	13	0
4954	0	0	6	0
4551	45	0	5	0
5075	0	0	6	0
3796	131	105	1	8
2592	60	8	0	5
4527	39	6	0	8
6110	0	1	6	0
6570	32	4	0	0
6347	54	11	9	0
967	51	12	0	4
7910	50	4	4	0
8037	30	0	1	1
329	0	3	0	3
3724	35	68	13	25
4557	8	15	21	1
330	0	0	0	1
323	0	1	0	0
326	0	9	0	3
331	0	2	0	2
327	0	7	0	1
251	0	4	0	4
328	0	10	0	3
333	0	1	0	1
335	0	44	0	2
7497	19	0	11	0
7688	2	0	12	0
7443	46	10	1	0
5887	1	1	19	0
336	0	28	0	3
6221	43	26	2	5
7450	30	0	4	0
337	0	1	0	0
340	0	28	0	2
1266	0	0	10	0
2163	0	2	10	0
2670	3	0	10	0
342	0	2	0	0
343	0	4	0	0
344	0	3	0	0
345	0	8	0	1
2416	22	22	31	15
2251	87	23	0	2
3104	0	0	22	0
3446	0	0	17	0
3483	16	16	24	4
3971	1	4	10	3
4822	2	0	8	1
351	0	11	0	0
355	0	0	0	1
352	0	5	0	4
353	0	1	0	5
357	0	2	0	0
193	0	19	0	2
364	0	11	0	3
365	0	5	0	3
366	0	11	0	3
369	0	0	0	1
367	0	4	0	1
2501	2	0	25	1
6388	34	0	29	0
7422	29	0	6	0
7277	56	2	6	2
374	0	3	0	0
375	0	1	0	0
376	0	36	0	1
386	0	1	0	2
381	0	2	0	0
388	0	1	0	0
382	0	1	0	0
387	0	3	0	8
383	0	19	0	26
2674	58	81	9	22
384	0	1	0	0
393	0	1	0	0
395	0	37	0	5
4175	47	7	7	1
6904	0	0	2	0
6976	60	35	1	5
5199	65	19	1	3
7512	25	0	4	0
4341	38	1	0	0
7890	71	0	3	0
397	0	1	0	0
398	0	6	0	1
6890	3	0	7	0
399	0	6	0	0
400	0	8	0	4
401	0	1	0	0
404	0	5	0	0
2617	39	21	3	1
3130	63	0	3	0
5559	11	0	18	0
5568	31	0	13	0
4846	60	24	8	10
5817	12	29	51	46
4980	47	12	1	4
2433	52	2	25	0
7306	3	0	15	0
408	0	1	0	0
409	0	1	0	1
410	0	5	0	1
411	0	1	0	0
413	0	1	0	0
414	0	2	0	1
416	0	2	0	0
418	0	1	0	0
423	0	6	0	1
424	0	6	0	0
2880	23	2	23	0
2231	58	26	5	40
5487	15	23	11	7
6255	16	0	21	0
6424	7	2	34	0
6447	0	11	14	1
6613	33	8	10	1
6323	11	43	20	1
6803	14	0	12	0
6809	4	1	11	1
6813	0	1	6	0
5811	29	63	29	15
6982	3	0	15	0
5384	24	1	11	1
7351	40	2	17	0
7131	54	22	14	2
5835	31	0	0	0
6241	28	63	1	12
7707	39	0	8	0
426	0	26	0	15
430	0	4	0	1
618	1	8	1	3
4653	109	72	1	37
5693	60	0	1	0
5466	35	1	2	1
434	0	6	0	0
436	0	1	0	0
437	0	1	0	0
438	0	1	0	0
412	0	21	0	0
441	0	1	0	0
443	0	1	0	0
7992	31	0	13	0
444	0	2	0	0
451	0	0	0	1
448	0	0	0	1
449	0	4	0	5
3548	6	0	29	0
4402	18	0	31	0
446	0	1	0	0
450	0	0	0	1
453	0	1	0	0
454	0	6	0	3
455	0	1	0	3
456	0	3	0	2
457	0	600	0	124
1600	7	0	11	0
2818	2	1	9	0
2996	0	0	25	0
3324	5	0	23	0
3409	0	1	9	0
3200	9	8	26	0
3849	1	0	12	0
4173	2	0	26	0
4797	39	0	29	0
4831	1	0	15	0
3911	2	2	5	0
5045	2	0	7	0
5204	68	0	3	0
4315	57	18	2	11
4824	48	88	0	13
5305	15	0	18	0
5513	2	0	15	0
5623	0	1	15	1
5631	2	0	2	0
5638	5	0	33	0
5663	1	0	7	0
4986	43	1	0	0
5285	10	19	23	2
5705	2	2	21	1
2277	2	5	16	3
5757	1	0	13	1
4899	44	159	0	10
5792	0	0	3	0
5830	1	0	7	0
5832	0	0	5	0
5850	11	0	9	0
5891	54	0	4	0
3922	8	5	21	2
5931	0	0	5	0
5973	13	0	17	0
5809	1	19	7	2
5991	1	0	17	0
6009	1	1	10	0
6010	0	0	3	0
6021	2	0	10	0
4621	0	0	8	0
6106	0	0	4	0
5121	43	9	0	0
6149	0	0	3	0
6161	6	0	16	0
6261	1	0	12	0
6302	1	0	16	0
6334	37	2	6	2
6218	34	42	16	10
6409	2	0	18	0
6422	27	7	35	4
6474	5	1	21	0
4507	9	2	36	0
6554	37	0	0	0
6571	3	0	14	0
6594	36	0	1	0
6632	37	0	0	0
6663	5	0	10	0
6668	1	0	5	0
6685	0	0	6	0
6686	1	0	10	0
6491	2	4	8	0
6783	40	4	2	0
4488	36	35	1	15
6873	38	0	0	0
6897	40	0	5	0
7034	0	0	1	0
7073	37	0	4	0
5932	38	32	2	1
5776	41	9	0	5
5012	31	6	18	8
6270	25	55	15	31
6907	63	176	1	15
5801	2	2	10	0
6243	42	31	1	4
7491	1	0	10	0
5289	48	5	0	1
4879	2	20	15	8
7237	50	8	1	7
7529	28	0	14	0
7561	51	0	0	0
5148	34	0	23	0
7946	35	0	1	0
6032	62	67	1	13
7835	41	2	0	1
7957	0	0	1	0
7965	34	0	0	0
7979	47	0	1	0
8044	29	0	3	0
7860	40	2	0	0
8209	37	0	0	0
8219	40	0	2	0
8224	24	0	24	0
8050	0	6	6	3
8226	1	0	8	0
8249	11	0	28	0
7791	4	4	15	0
7389	28	1	2	1
7238	41	9	1	0
458	0	3	0	1
460	0	2	0	1
461	0	2	0	2
462	0	2	0	2
463	0	0	0	6
3939	0	0	6	0
3942	0	0	12	0
469	0	8	0	2
467	0	7	0	5
468	0	0	0	1
164	0	7	0	1
472	0	1	0	0
473	0	1	0	0
476	0	1	0	0
479	0	6	0	2
480	0	0	0	1
481	0	0	0	1
486	0	0	0	1
489	0	3	0	2
490	0	1	0	0
495	0	3	0	3
492	0	1	0	0
493	0	2	0	1
494	0	3	0	0
497	0	1	0	1
498	0	1	0	1
499	0	11	0	3
501	0	9	0	1
502	0	2	0	2
504	0	1	0	0
507	0	0	0	1
513	0	2	0	2
511	0	1	0	2
509	0	1	0	0
516	0	1	0	0
519	0	1	0	0
520	0	1	0	0
525	0	0	6	1
521	0	5	0	0
522	0	1	0	0
523	0	1	0	0
445	0	4	0	0
527	0	1	0	0
528	0	1	0	0
531	0	0	0	1
530	0	5	0	2
529	0	1	0	0
532	0	0	0	1
534	0	3	0	1
536	0	1	0	4
539	0	2	0	0
540	0	1	0	0
541	0	3	0	0
542	0	7	0	0
543	0	1	0	0
544	0	2	0	0
7646	39	0	0	0
546	0	101	0	40
3811	0	0	12	0
4199	7	5	20	3
6590	1	0	8	0
6421	1	15	6	8
5298	0	0	12	0
5807	18	16	10	11
551	0	0	0	1
547	0	1	0	0
548	0	1	0	0
550	0	1	0	0
552	0	2	0	0
553	0	19	0	3
554	3	4	0	2
555	0	3	0	0
556	0	111	0	7
557	0	1	0	0
558	0	1	0	0
561	0	3	0	1
562	0	1	0	0
563	0	1	0	0
565	1	0	6	1
568	0	1	0	0
569	0	1	0	0
570	0	3	0	1
571	0	1	0	0
572	0	2	0	3
573	0	1	0	0
574	0	3	0	2
576	0	1	0	0
577	0	1	0	0
578	0	1	0	0
580	0	28	0	2
2258	50	88	0	7
5103	48	116	0	10
5500	14	1	10	0
583	0	8	0	17
582	0	29	0	5
4562	0	0	14	0
4605	1	0	11	0
4728	14	0	0	0
585	0	3	0	0
588	0	22	0	0
591	0	2	0	0
595	0	1	0	1
593	0	1	0	0
596	0	0	0	1
594	0	1	0	0
597	0	2	0	0
598	0	1	0	0
599	0	1	0	0
6892	3	0	10	0
7912	39	0	0	0
602	0	1	0	0
605	0	1	0	0
610	0	0	0	1
612	0	1	0	0
614	0	6	0	4
615	0	27	0	8
620	0	10	0	4
8289	2	0	2	0
621	0	0	0	1
625	0	3	0	0
632	0	1	0	0
5469	0	0	3	0
634	0	102	0	47
4323	22	0	26	0
3554	23	3	15	3
5539	8	0	26	0
6148	50	0	10	0
1403	67	3	0	0
646	0	14	0	3
635	0	49	0	15
638	0	1	0	0
640	0	3	0	1
641	0	2	0	0
642	0	3	0	0
648	0	0	0	2
649	0	15	0	25
651	0	1	0	1
655	0	0	0	1
652	0	2	0	0
653	0	2	0	0
654	0	1	0	0
3082	1	0	7	0
3256	0	18	5	1
661	0	2	0	0
662	0	2	0	0
4480	9	0	31	0
1961	1	2	17	3
2223	17	13	12	2
666	0	2	0	0
639	0	28	0	3
669	0	0	0	1
672	0	1	0	0
676	0	0	0	1
678	0	0	0	1
683	0	0	0	1
688	0	5	0	0
689	0	27	0	20
690	0	3	0	0
692	0	3	0	0
693	0	1	0	0
695	0	81	0	35
4639	2	1	5	0
2116	41	13	0	7
5215	19	7	21	1
699	0	5	0	3
701	0	3	0	1
703	0	1	0	0
1819	1	0	7	0
708	0	36	0	14
2993	5	1	30	0
709	0	0	0	1
3671	0	0	6	0
711	0	0	0	1
712	0	18	0	1
713	0	2	0	2
716	0	1	0	0
718	0	1	0	0
3808	1	0	10	0
720	0	1	0	0
721	0	0	0	1
2571	4	0	13	0
2591	0	0	14	0
2607	2	1	11	0
2797	1	0	19	0
2821	13	0	0	0
2825	3	0	18	0
2647	1	16	10	2
2902	4	0	23	0
2856	70	2	1	3
3255	1	3	7	0
3609	3	0	15	0
5326	3	0	13	0
6714	25	89	21	10
724	0	3	0	1
726	0	2	0	0
727	0	18	0	14
728	0	4	0	1
729	0	1	0	0
731	0	1	0	0
732	0	3	0	1
4298	9	9	34	0
1823	30	43	4	6
3842	35	12	0	3
6047	2	4	6	0
6700	11	0	7	0
6789	35	9	21	2
6933	3	0	6	0
5772	4	10	15	5
7162	2	0	10	0
7186	4	0	12	0
6917	0	1	8	2
6736	32	30	26	3
7323	2	0	9	0
6772	1	48	6	28
7567	1	0	7	0
6280	0	31	4	21
7593	0	3	12	0
7658	1	0	6	0
7669	1	0	6	0
7673	1	0	8	0
7675	1	16	4	9
6320	19	17	15	6
6924	6	12	8	5
1865	9	1	8	5
7730	0	0	6	0
7449	2	19	10	19
7778	34	0	0	0
7799	1	0	4	0
7386	19	13	35	12
7819	1	0	10	0
7874	5	4	12	0
7397	1	0	15	0
7666	2	13	16	1
6759	8	2	15	1
7517	15	1	5	1
8168	47	0	1	0
7391	43	46	3	6
8192	71	0	0	0
5064	12	0	10	1
8204	1	2	7	0
6618	67	74	2	15
738	0	7	0	1
5301	61	42	8	19
734	0	1	0	0
735	0	1	0	0
4385	0	0	20	0
4386	0	0	14	0
7214	55	0	0	0
6712	30	8	1	3
7691	0	18	7	1
745	0	2	0	0
7683	37	0	6	0
751	0	1	0	0
754	0	0	0	2
752	0	1	0	0
753	0	1	0	0
755	0	0	0	1
758	0	2	0	0
759	0	53	0	23
4777	8	0	36	2
5673	0	0	4	0
766	0	677	0	84
1971	0	0	1	0
3319	3	0	15	0
3320	3	2	32	3
3348	18	14	14	11
3486	2	0	12	0
3616	1	0	10	0
3856	0	0	13	0
3555	0	11	13	3
4583	0	0	10	0
4529	3	0	30	0
3271	0	2	9	1
5033	1	0	8	0
4219	13	100	20	12
3103	66	3	1	2
5650	28	1	3	1
4500	4	2	30	0
5837	25	0	1	1
2507	32	64	1	5
6501	41	10	0	7
5432	52	3	0	1
7510	59	0	1	0
3000	25	30	1	12
3381	37	176	0	4
7879	34	0	1	0
7882	40	10	1	1
2658	72	226	5	78
8073	22	0	0	0
7378	44	38	13	0
767	0	1	0	0
768	0	1	0	1
770	0	3	0	0
772	0	3	0	0
773	0	1	0	0
774	0	1	0	0
736	0	3	0	1
775	0	2	0	0
776	0	1	0	0
786	0	1	0	1
788	0	50	0	63
6360	0	35	11	0
5709	0	4	9	7
2914	4	4	16	0
780	0	1	0	1
781	0	5	0	3
782	0	9	0	0
783	0	1	0	0
5120	0	0	4	0
4355	10	39	8	10
5470	0	0	6	0
785	0	1	0	0
792	0	1	0	1
7899	1	0	9	0
796	0	5	0	1
799	0	1	0	0
800	0	2	0	0
801	0	4	0	2
804	0	6	0	0
807	0	1	0	0
808	0	2	0	2
811	0	3	0	0
812	0	3	0	0
3875	0	0	7	0
4181	9	0	19	0
814	0	2	0	1
815	0	2	0	0
816	0	24	0	5
819	0	1	0	0
821	0	1	0	0
818	0	2	0	0
3465	1	3	4	0
824	0	1	0	1
1970	1	0	0	0
2638	0	1	13	0
3105	1	0	0	0
3235	6	1	17	0
3822	0	0	15	0
3908	0	0	2	0
4030	0	0	10	0
4678	0	0	13	0
4783	0	0	5	0
5426	2	0	8	0
5740	0	0	3	0
7250	0	0	4	0
8246	1	0	13	0
830	0	2	0	1
832	0	2	0	1
831	0	12	0	0
835	0	0	0	1
841	0	22	0	39
3914	0	0	13	0
842	0	27	0	3
843	0	1	0	0
845	0	1	0	0
847	0	1	0	0
848	0	7	0	1
851	0	2	0	0
854	0	54	0	44
1770	0	0	11	1
2112	1	0	6	1
855	0	1	0	1
4014	1	0	3	0
852	1	24	0	15
2910	0	0	5	0
860	0	6	0	2
862	0	3	0	0
865	0	44	0	53
867	0	1	0	0
869	0	9	0	2
870	0	36	0	2
2990	0	0	5	0
3023	0	0	3	0
872	0	26	0	3
5499	2	3	11	0
874	0	0	0	1
876	0	1	0	0
877	0	2	0	0
879	0	101	0	18
3745	1	0	12	0
4359	1	0	6	0
4550	0	81	3	19
880	0	1	0	0
883	0	2	0	1
886	0	2	0	1
888	0	1	0	0
889	0	1	0	0
890	0	1	0	0
891	0	1	0	0
892	0	1	0	0
899	0	22	0	2
898	0	7	0	3
900	0	5	0	0
1323	8	0	3	0
902	0	0	0	2
905	0	1	0	1
909	0	6	0	6
7407	0	1	5	0
7439	0	0	7	0
910	0	2	0	0
911	0	23	0	4
912	0	8	0	1
914	0	6	0	1
923	0	0	0	1
915	0	6	0	1
916	0	3	0	1
917	0	1	0	0
919	0	1	0	0
926	0	5	0	1
920	0	9	0	1
921	0	6	0	0
924	0	0	0	1
787	0	2	0	10
927	0	0	0	1
931	0	2	0	0
933	0	10	0	8
940	0	1	0	0
944	0	5	0	0
2083	0	1	5	1
3629	1	4	20	0
5253	1	0	5	0
949	0	8	0	0
950	0	8	0	1
951	0	0	0	1
954	0	8	0	26
957	0	3	0	0
961	0	11	0	5
965	0	0	0	1
962	0	3	0	0
964	0	4	0	0
969	0	2	0	0
970	0	10	0	1
973	0	1	0	1
3205	0	0	1	0
976	0	1	0	0
980	0	0	0	1
984	0	4	0	3
986	0	46	0	30
988	0	247	0	43
3538	5	1	16	1
2974	3	15	21	0
3809	6	2	16	0
3825	0	0	2	0
5417	2	0	8	0
8122	23	0	3	0
8124	25	0	1	0
8130	1	0	7	0
987	0	2	0	0
990	0	1	0	0
992	0	1	0	0
3888	2	1	5	0
3885	43	2	8	0
996	0	271	0	26
5784	15	1	10	0
998	0	25	0	5
1005	0	1	0	4
6027	0	0	7	0
7436	3	0	9	0
1001	0	1	0	0
1002	0	1	0	0
1003	0	17	0	1
1004	0	7	0	5
1008	0	5	0	3
1011	0	4	0	2
3301	1	15	11	0
1013	0	9	0	14
1016	0	1	0	0
1017	0	0	0	1
1019	0	0	0	1
1009	0	42	0	2
1021	0	1	0	0
1025	0	1	0	0
1027	0	6	0	0
1028	0	6	0	1
1033	0	3	0	3
1037	0	48	0	36
1040	0	1	0	0
1041	0	31	0	18
4127	9	41	19	0
5309	1	0	4	0
4468	5	8	24	10
6311	1	1	11	0
1042	0	37	0	4
1045	0	1	0	0
1046	0	9	0	15
1047	0	1	0	0
1048	0	2	0	0
1050	0	33	0	11
1052	0	2	0	2
1051	0	45	0	1
1058	0	1	0	0
1059	0	2	0	0
1060	0	1	2	0
1063	0	29	0	0
1064	0	13	0	3
1068	0	3	0	0
1067	0	0	0	2
1065	0	7	0	0
1066	0	5	0	0
1070	0	1	0	0
1071	0	1	0	0
1072	0	1	0	0
6755	2	2	15	0
6769	2	0	3	0
6850	16	0	19	0
1084	0	3	0	2
1078	0	5	0	0
1079	0	2	0	0
1081	0	1	0	0
1082	0	4	0	0
1083	0	2	0	0
1085	0	3	0	1
1086	0	8	0	0
1089	0	2	0	6
1090	0	2	0	0
1087	0	1	0	1
1088	0	1	0	0
1093	0	2	0	0
1094	0	2	0	0
1095	0	9	0	1
1096	0	1	0	0
3155	4	0	11	0
1098	0	250	0	53
2650	3	0	11	0
2781	7	0	15	0
6568	0	0	2	0
6806	1	0	9	0
7059	11	0	20	0
7060	1	0	6	0
7110	0	5	11	0
7201	3	0	7	0
7262	1	9	9	2
7634	0	1	7	0
7120	5	10	16	8
8002	19	0	11	0
1099	0	7	0	1
1104	0	0	0	1
1105	0	1	0	2
1106	0	1	0	1
1101	0	1	0	0
1107	0	0	0	1
1108	0	0	0	1
1109	0	0	0	1
1110	0	0	0	1
1112	0	0	0	1
1113	0	4	0	2
1102	0	12	0	3
1115	0	1	0	0
1120	0	1	0	0
1126	0	2	0	0
1129	0	49	0	13
1130	0	1	0	0
1132	0	41	0	16
1133	0	270	0	122
4047	1	0	9	0
4188	1	0	4	0
4254	0	0	10	0
4311	1	0	6	0
4331	2	2	16	0
2129	13	42	11	2
4558	0	1	13	0
4620	1	0	11	0
4648	2	0	12	0
4677	2	0	12	0
4946	1	0	3	0
5043	1	2	5	0
5044	2	0	10	0
5635	0	0	8	0
5977	3	0	10	0
6226	1	0	12	0
1134	0	3	0	0
1135	0	110	0	5
1664	2	3	0	0
5141	0	1	11	0
1138	0	2	0	1
1139	0	2	0	0
1142	0	27	0	21
1143	0	14	0	0
1145	0	2	0	0
1146	0	1	0	0
1147	0	3	0	0
1148	0	1	0	0
2751	0	0	12	0
1150	0	8	0	0
1155	0	1	0	0
1158	0	1	0	0
1161	0	0	0	1
3266	0	0	4	0
3893	0	0	9	0
6164	6	0	5	0
6023	12	16	14	14
2376	0	22	3	4
1177	0	0	0	1
1178	0	0	0	1
1179	0	7	0	2
1169	0	22	0	5
1170	0	2	0	0
1180	0	0	0	1
1171	0	1	0	0
1172	0	1	0	0
1173	0	1	0	0
1174	0	1	0	0
1175	0	1	0	0
1182	0	5	0	2
1183	0	7	0	1
1176	0	1	0	0
1187	0	1	0	2
1188	0	2	0	0
1189	0	1	0	0
1194	0	1	0	0
1195	0	5	0	0
1197	0	3	0	0
1198	0	2	0	2
3138	1	0	2	0
1202	0	66	0	0
1204	0	58	0	3
1205	0	1	0	0
1206	0	1	0	0
1207	0	24	0	2
1208	0	1	0	0
1209	0	1	0	0
1210	0	217	0	1
1212	0	2	0	2
1213	0	1	0	0
1214	0	2	0	0
1215	0	39	0	26
1216	0	1	0	0
1219	0	1	0	0
1223	0	1	0	0
1224	0	1	0	0
1225	0	1	0	0
1226	0	1	0	0
1227	0	1	0	0
1228	0	9	0	2
1229	0	1	0	0
1231	0	1	0	0
1233	0	9	0	5
1235	0	20	0	0
1237	0	4	0	2
1238	0	1	0	0
1242	0	11	0	0
1244	0	2	0	0
1245	0	10	0	0
1246	0	7	0	1
3171	0	1	8	0
1252	0	2	0	0
1254	0	1	0	0
1255	0	1	0	0
1256	0	1	0	0
1257	0	1	0	0
1258	0	1	0	0
1262	0	2	0	0
1264	0	1	0	0
1268	0	0	0	1
1269	0	0	0	1
1271	0	2	0	0
1272	0	1	0	0
1273	0	1	0	0
1274	0	1	0	0
1275	0	1	0	0
1278	0	47	0	21
1276	0	1	0	0
1280	0	2	0	2
1281	0	10	0	0
1290	0	15	0	1
1292	0	5	0	2
1293	0	25	0	8
1294	0	1	0	0
1295	0	1	0	0
1298	0	0	0	1
1299	0	4	0	1
1301	0	3	0	0
1302	0	1	0	0
1303	0	1	0	0
1304	0	1	0	0
3193	2	0	11	0
3973	2	20	16	13
4993	2	3	14	1
3461	0	47	13	52
1306	0	19	0	1
3867	0	0	9	0
1308	0	4	0	0
1309	0	1	0	0
1313	0	0	0	1
1311	0	2	0	0
1312	0	1	0	0
1314	0	1	0	0
1316	0	7	0	0
1317	0	1	0	0
1318	0	2	0	0
3237	1	0	2	0
1320	0	6	0	0
1324	0	1	0	0
1327	0	0	0	1
1328	0	1	0	1
1325	0	1	0	0
2956	1	0	1	0
1329	0	2	0	1
1331	0	6	0	0
1332	0	1	0	0
1333	0	2	0	0
1334	0	1	0	0
1335	0	39	0	23
1336	0	7	0	1
1337	0	1	0	0
1338	0	3	0	0
1339	0	4	0	1
1340	0	3	0	0
1341	0	2	0	0
1342	0	3	0	1
1343	0	2	0	0
1344	0	1	0	1
1345	0	1	0	0
1346	0	2	0	1
1349	0	1	0	1
1350	0	113	0	4
1351	0	1	0	0
1359	0	2	0	1
1354	0	5	0	3
1355	0	3	0	0
1361	0	0	0	1
1356	0	18	0	2
1362	0	3	0	1
1358	0	7	0	11
1365	0	7	0	0
1366	0	1	0	0
1367	0	17	0	23
1368	0	12	0	21
3785	0	15	16	3
1369	0	0	0	1
1370	0	0	0	1
1373	0	3	0	1
7088	26	3	3	2
1376	0	1	0	0
1379	0	1	0	0
1380	0	57	0	6
1381	0	48	0	4
1383	0	4	0	0
4049	1	0	10	0
1386	0	56	0	5
1387	0	1	0	0
1388	0	2	0	0
1391	0	1	0	0
1392	0	2	0	0
1395	0	190	0	9
1397	0	1	0	0
1398	0	1	0	0
1399	0	1	0	0
1400	0	1	0	2
1401	0	3	0	0
1404	0	1	0	0
1405	0	1	0	0
1406	0	2	0	0
1408	0	1	0	0
1409	0	1	0	0
1410	0	1	0	0
1421	0	1	0	1
1422	0	1	0	0
1423	0	5	0	3
1424	0	40	0	12
1426	0	1	0	0
1427	0	2	0	0
2679	0	0	1	0
3080	0	0	9	0
1429	0	2	0	1
1430	0	2	0	0
1431	0	1	0	0
1433	0	1	0	0
1434	0	1	0	1
1436	0	1	0	0
1184	0	56	0	23
4809	0	0	5	0
1438	0	1	0	0
1440	0	1	0	0
1443	0	3	0	0
1445	0	1	0	0
1447	0	7	0	0
1448	0	1	0	0
1449	0	1	0	0
1450	0	1	0	0
1451	0	3	0	0
1452	0	1	0	0
1454	0	1	0	0
1455	0	1	0	0
1456	0	1	0	0
1457	0	5	0	0
1458	0	1	0	0
1459	0	1	0	0
1460	0	1	0	0
1461	0	1	0	0
1462	0	27	0	21
1463	0	22	0	4
1466	0	24	0	0
1467	0	8	0	3
1469	0	4	0	3
1470	0	109	0	44
3285	0	0	9	1
5706	0	0	6	0
1581	0	1	2	0
1474	0	2	0	0
1480	0	44	0	0
1481	0	1	0	0
1483	0	51	0	1
1488	0	0	0	1
1494	0	1	0	0
1495	0	10	0	0
4411	0	0	8	0
1499	0	10	0	2
1500	0	25	0	23
1502	0	2	0	0
1503	0	2	0	1
1504	0	5	0	1
1505	0	3	0	1
1511	0	0	0	1
1510	0	16	2	0
1512	0	0	0	1
1515	0	1	0	0
1516	0	1	0	0
1517	0	1	0	0
1519	0	1	0	0
1522	0	83	0	51
4012	0	0	9	0
6462	1	1	15	2
1523	0	1	0	0
1527	0	0	0	1
1526	0	4	0	0
1528	0	1	0	0
1535	0	2	0	0
1536	0	1	0	0
1539	0	3	0	2
1540	0	1	0	0
1541	0	1	0	0
1543	0	0	0	1
1545	0	0	0	1
1546	0	0	0	1
2423	0	0	3	0
5115	2	0	13	0
6059	4	1	8	0
6096	2	0	5	0
1552	0	49	0	32
1553	0	10	0	10
1554	0	4	0	2
2233	0	34	4	2
3880	0	0	3	0
4272	0	0	5	0
5312	0	9	7	0
4009	1	2	7	0
1551	0	1	0	0
1558	0	1	0	0
1559	0	1	0	0
1560	0	2	0	1
3933	0	0	15	0
1568	0	1	0	0
1570	0	4	0	0
1572	0	0	0	2
1574	0	1	0	0
1575	0	1	0	0
1576	0	0	0	1
1578	0	1	0	0
1579	0	1	0	0
1010	0	6	0	0
1582	0	9	0	4
1584	0	1	0	0
1588	0	1	0	0
1589	0	6	0	7
1590	0	1	0	0
1591	0	1	0	0
1594	0	105	0	7
1599	0	3	0	0
1601	0	4	0	0
1602	0	1	0	0
1605	0	10	0	0
1606	0	3	0	0
1607	0	2	0	0
1609	0	1	0	0
1611	0	1	0	0
8148	0	0	12	0
1614	0	68	0	5
1615	0	108	0	54
1616	0	1	0	0
1617	0	1	0	0
1530	0	10	0	1
1620	0	1	0	0
1623	0	36	0	3
1625	0	2	0	0
1627	0	0	0	1
1626	0	2	0	0
1630	0	2	0	0
1631	0	5	0	1
1632	0	3	0	0
1634	0	1	0	0
1635	0	1	0	0
1639	0	36	0	0
1642	0	1	0	0
1643	0	1	0	0
1644	0	43	0	5
1645	0	2	0	0
1647	0	15	0	4
1650	0	1	0	0
1651	0	1	0	0
1655	0	1	0	0
1656	0	1	0	0
1659	0	1	0	0
1660	0	1	0	0
1663	0	0	0	1
1665	0	1	0	0
1666	0	1	0	0
1667	0	31	0	23
8019	1	0	7	0
1668	0	5	0	0
1670	0	15	0	3
1671	0	1	0	0
1674	0	7	0	1
1675	0	2	0	0
1676	0	1	0	0
1677	0	2	0	0
4654	2	2	13	0
4580	0	0	1	0
1681	0	2	0	0
1682	0	1	0	0
1683	0	2	0	0
1685	0	1	0	0
1684	0	9	0	0
1686	0	1	0	0
1690	0	2	0	0
1691	0	47	0	3
1693	0	6	0	0
1694	0	1	0	0
1695	0	1	0	0
1696	0	3	0	1
2552	0	3	11	2
1698	0	1	0	0
1699	0	1	0	0
2244	1	0	2	0
1711	0	7	0	2
1703	0	1	0	0
1704	0	1	0	0
1708	0	1	0	0
1709	0	2	0	4
1710	0	1	0	0
1712	0	1	0	0
1713	0	1	0	0
1715	0	1	0	0
1719	0	9	0	1
1720	0	13	0	1
1721	0	1	0	0
1722	0	14	0	0
1724	0	1	0	0
1725	0	1	0	0
1728	0	0	0	1
1731	0	0	0	1
1735	0	1	0	0
1736	0	1	0	0
1737	0	6	0	3
6340	0	0	9	0
1740	0	0	0	1
1738	0	3	0	0
1739	0	1	0	0
1741	0	6	0	3
1742	0	5	0	1
1743	0	1	0	0
1745	0	1	0	0
1748	0	36	0	39
4815	1	0	10	0
8275	0	0	12	0
1759	0	3	0	2
1753	0	1	0	0
1755	0	1	0	0
1756	0	81	0	8
1760	0	1	0	0
1761	0	1	0	1
1762	0	37	0	10
1763	0	1	0	0
1764	0	1	0	1
1765	0	4	0	0
1766	0	19	0	8
1767	0	72	0	25
2678	0	0	1	0
2798	0	0	1	0
3999	0	2	5	0
1773	0	0	0	1
1775	0	1	0	0
1778	0	4	0	4
1782	0	2	0	0
1751	0	12	0	23
1784	0	1	0	0
1785	0	1	0	0
1789	0	11	0	0
1790	0	2	0	0
1795	0	41	0	3
679	0	3	0	0
1796	0	37	0	1
1797	0	1	0	0
5569	0	0	5	1
1800	0	20	0	0
1803	0	19	0	0
1804	0	1	0	0
1806	0	1	0	0
1807	0	6	0	2
2645	1	5	3	2
5271	0	0	6	0
5296	0	15	8	1
1809	0	2	0	0
1810	0	1	0	0
1812	0	1	0	3
1813	0	31	0	8
4552	1	0	11	0
8186	0	0	7	0
5146	0	0	5	0
1820	0	84	0	6
1821	0	3	0	4
3669	0	0	4	0
1822	0	10	0	1
1825	0	1	0	0
1826	0	1	0	0
1827	0	2	0	0
347	0	6	0	2
1828	0	2	0	0
1829	0	2	0	0
1838	0	53	0	4
1830	0	3	0	0
1831	0	3	0	0
1832	0	6	0	0
1834	0	1	0	0
1839	0	0	0	1
1840	0	0	0	2
1841	0	0	0	1
1844	0	1	0	0
1845	0	1	0	0
1846	0	1	0	0
5208	1	0	14	0
7146	2	1	9	0
1852	0	0	0	1
1853	0	0	0	1
1856	0	1	0	0
1860	0	0	0	1
1862	0	1	0	1
1866	0	1	0	0
1867	0	2	0	0
1868	0	20	0	2
1869	0	3	0	0
1870	0	1	0	0
1874	0	2	0	7
1875	0	25	0	8
1871	0	1	0	0
1872	0	4	0	1
1876	0	1	0	2
1873	0	1	0	0
1879	0	13	0	0
1881	0	1	0	0
1882	0	1	0	0
1883	0	1	0	0
1885	0	41	0	3
1886	0	3	0	1
1887	0	2	0	0
1890	0	1	0	0
1889	0	1	0	0
1891	0	23	0	13
1892	0	5	0	0
1894	0	1	0	0
1895	0	1	0	0
1896	0	46	0	5
1897	0	1	0	0
1899	0	6	0	0
1900	0	1	0	0
1902	0	1	0	0
1905	0	1	0	0
1906	0	1	0	0
1907	0	1	0	0
1909	0	1	0	0
1911	0	1	0	0
1912	0	3	0	0
1913	0	1	0	0
1914	0	2	0	0
1916	0	1	0	0
1917	0	1	0	0
1921	0	1	0	0
1922	0	118	0	85
3201	0	0	4	0
1923	0	1	0	1
1924	0	2	0	3
1925	0	21	0	1
1928	0	3	0	4
1926	0	1	0	0
1929	0	1	0	0
1930	0	1	0	0
1931	0	14	0	1
1937	0	6	0	7
1932	0	1	0	0
1933	0	1	0	0
1938	0	0	0	1
1934	0	1	0	0
1939	0	0	0	1
1940	0	0	0	5
1941	0	1	0	0
1943	0	2	0	1
1944	0	1	0	1
1945	0	2	0	0
1946	0	1	0	3
1947	0	7	0	8
4031	1	0	16	0
1948	0	8	0	6
1951	0	26	0	3
1958	0	1	0	0
1959	0	1	0	0
1960	0	1	0	0
1962	0	27	0	4
6621	0	0	4	0
6762	0	0	5	0
1967	0	31	0	0
1968	0	1	0	1
1975	0	1	0	0
1976	0	6	0	0
1978	0	1	0	0
1952	0	3	0	0
1980	0	43	0	4
1981	0	2	0	0
1986	0	13	0	4
1988	0	1	0	0
1989	0	1	0	0
1993	0	3	0	0
1994	0	1	0	0
1995	0	3	0	0
1996	0	1	0	0
1794	0	24	0	2
2000	0	1	0	0
2002	0	0	0	1
2005	0	1	0	0
2008	0	1	0	0
2009	0	45	0	18
2040	0	0	0	1
2010	0	10	0	17
2011	0	2	0	1
2012	0	3	0	0
2013	0	1	0	0
2042	0	1	0	1
2015	0	1	0	0
2017	0	1	0	0
2018	0	1	0	1
2019	0	1	0	0
2020	0	1	0	0
2021	0	1	0	0
2044	0	1	0	1
2023	0	1	0	0
2047	0	1	0	0
2024	0	1	0	0
2041	0	5	0	1
2025	0	1	0	0
2026	0	1	0	0
2027	0	1	0	0
2045	0	0	0	1
2029	0	2	0	0
2030	0	1	0	0
2031	0	1	0	0
2032	0	1	0	0
2033	0	13	0	9
2034	0	1	0	0
2035	0	1	0	0
2036	0	1	0	1
2037	0	6	0	2
6111	1	0	9	0
698	0	7	0	4
4216	1	1	13	0
2038	0	5	0	0
2049	0	2	0	1
2050	0	4	0	0
2051	0	1	0	0
2052	0	13	0	1
2054	0	3	0	0
2056	0	1	0	0
2057	0	1	0	0
2058	0	1	0	0
2059	0	3	0	1
2061	0	4	0	0
8149	1	0	4	0
2063	0	16	0	5
2064	0	1	0	1
2065	0	43	0	7
2068	0	2	0	2
2070	0	1	0	0
2077	0	1	0	0
2081	0	1	0	0
2082	0	1	0	0
2084	0	8	0	2
2094	0	1	0	0
2086	0	1	0	0
2087	0	1	0	0
2088	0	4	0	2
2089	0	1	0	0
2090	0	1	0	0
2093	0	50	0	5
2096	0	2	0	0
2100	0	0	0	1
2099	0	21	0	1
2104	0	1	0	1
2103	0	2	0	0
2105	0	3	0	8
2108	0	4	0	0
2110	0	3	0	0
2111	0	4	0	0
2115	0	12	0	4
2118	0	112	0	1
6321	0	0	4	0
7994	1	0	9	0
8225	0	0	7	0
2125	0	3	0	0
2422	0	0	2	0
2126	0	1	0	0
2127	0	2	0	1
2130	0	8	0	0
2131	0	1	0	0
2132	0	1	0	0
2133	1	118	0	11
2136	0	1	0	0
2138	0	1	0	0
2139	0	0	0	3
2141	0	2	0	0
2142	0	2	0	0
2143	0	1	0	0
4218	0	0	22	0
2146	0	1	0	0
2147	0	1	0	0
2148	0	1	0	0
2149	0	2	0	0
2150	0	1	0	0
2152	0	0	0	4
2156	0	16	0	25
2155	0	1	0	0
2159	0	7	0	11
2161	0	1	0	2
2164	0	0	0	1
2167	0	1	0	0
2169	0	31	0	1
2170	0	2	0	0
2171	0	9	0	7
2172	0	24	0	5
2173	0	1	0	0
2175	0	0	0	1
2176	0	3	0	14
2177	0	0	0	3
2179	0	1	0	0
2180	0	1	0	0
2183	0	1	0	0
2184	0	3	0	0
2186	0	57	0	4
2187	0	1	0	0
2188	0	2	0	1
2189	0	1	0	0
2190	0	1	0	0
2191	0	1	0	0
2192	0	3	0	2
2194	0	1	0	2
2196	0	3	0	0
2197	0	3	0	1
2198	0	3	0	0
2199	0	1	0	0
2200	0	2	0	0
2201	0	1	0	0
2203	0	1	0	0
2204	0	1	0	0
2212	0	1	0	0
2213	0	1	0	0
2214	0	3	0	0
2215	0	12	0	3
2216	0	1	0	0
2217	0	6	0	5
2218	0	1	0	0
2219	0	1	0	0
2221	0	1	0	0
2222	0	1	0	0
8033	0	0	5	0
2224	0	3	0	0
2226	0	23	0	5
2227	0	4	0	0
2228	0	1	0	0
2230	0	37	0	12
3623	0	0	4	0
2232	0	2	0	10
2235	0	1	0	0
2236	0	75	0	0
2238	0	1	0	0
2239	0	1	0	0
2243	0	1	0	0
2249	0	38	0	0
2250	0	2	0	1
2254	0	6	0	0
2255	0	31	0	0
3737	0	0	7	0
2259	0	1	0	0
2260	0	0	0	1
2261	0	0	0	1
2262	0	0	0	1
2153	0	4	0	0
2266	0	0	0	1
2267	0	1	0	0
2268	0	1	0	0
2269	0	2	0	0
2270	0	1	0	0
2272	0	28	0	3
2274	0	33	0	15
5393	2	0	18	0
7490	1	25	2	2
8175	0	0	1	0
2278	0	1	0	3
2280	0	1	0	0
2282	0	5	0	0
2283	0	1	0	0
2286	0	6	0	0
2287	0	4	0	0
6723	1	0	5	0
2288	0	1	0	0
4876	2	0	0	0
2291	0	1	0	0
2292	0	1	0	0
2265	0	0	0	1
2293	0	2	0	0
2295	0	1	0	1
2296	0	2	0	0
3770	6	9	6	13
2298	0	25	0	22
2299	0	63	0	4
2300	0	1	0	0
2301	0	1	0	0
2302	0	1	0	0
2304	0	1	0	0
2305	1	0	0	0
2306	0	4	0	0
2308	0	1	0	0
2310	0	0	0	1
2311	0	0	0	1
2312	0	0	0	1
2313	0	0	0	1
2314	0	1	0	2
2315	0	0	0	1
2309	0	3	0	0
2316	0	1	0	2
5375	11	0	13	0
2317	0	0	0	2
2318	0	0	0	2
2319	0	1	0	2
2320	0	0	0	2
2321	0	1	0	2
2330	0	2	0	0
1561	0	1	0	0
2331	0	2	0	0
3556	0	11	6	3
2334	0	1	0	0
2335	0	1	0	0
2336	0	1	0	0
2337	0	1	0	0
2342	1	4	4	1
2343	0	4	0	3
2344	0	1	0	0
2349	0	2	0	0
2351	0	1	0	0
2352	0	2	0	0
2353	0	1	0	0
2357	0	12	0	0
2359	0	2	0	0
2360	0	2	0	1
2361	0	1	0	0
2363	0	4	0	0
2365	1	56	0	19
2367	0	8	0	0
2368	0	17	0	0
5231	2	0	10	0
5303	1	0	3	1
5255	1	4	11	4
5467	0	0	15	0
5564	0	0	10	0
5664	1	0	4	0
6041	1	0	7	0
6107	0	0	4	0
6235	1	0	7	0
7928	0	2	18	1
2370	0	2	0	0
2372	0	5	0	2
2374	0	1	0	0
2379	0	45	0	0
2380	0	1	0	0
2382	0	1	0	0
2387	0	51	0	15
5354	1	1	6	0
2388	0	1	0	0
2389	0	1	0	0
2390	0	2	0	0
2392	0	0	0	1
2391	0	1	0	0
2394	0	0	0	1
2395	0	0	0	1
2396	0	0	0	1
2393	0	3	0	1
2399	0	2	0	0
2401	0	1	0	0
2402	0	1	0	1
2403	0	2	0	0
2404	0	1	0	0
2405	0	1	0	0
2406	0	2	0	0
2407	0	4	0	0
7304	2	0	9	0
2412	0	3	0	0
2413	0	2	0	0
2414	0	5	0	1
2417	0	3	0	4
2418	0	1	0	0
2113	0	5	0	2
2420	2	0	0	0
2419	0	1	0	0
2424	0	0	0	1
2428	0	0	0	1
2429	0	0	0	2
2427	0	5	0	6
2434	0	2	0	0
2437	0	2	0	0
2467	0	1	0	3
2373	0	2	0	0
2464	0	0	0	1
2438	0	1	0	0
2462	0	3	0	1
2463	0	0	0	1
2439	0	1	0	0
2441	0	1	0	0
2442	0	1	0	0
2443	0	1	0	0
2444	0	5	0	1
2445	0	1	0	0
2446	0	1	0	0
2447	0	1	0	0
2448	0	1	0	0
2449	0	1	0	0
2450	0	1	0	0
2451	0	2	0	0
2452	0	28	0	14
2453	0	1	0	0
2454	0	1	0	0
2455	0	1	0	0
2465	0	0	0	1
2457	0	1	0	0
2466	0	0	0	1
2458	0	6	0	0
2459	0	1	0	0
2469	0	3	0	0
2460	0	1	0	0
2461	0	1	0	0
2471	0	1	0	0
5311	2	0	9	0
2472	0	75	0	0
2473	0	83	0	20
2476	0	34	0	1
2477	0	1	0	0
2478	0	2	0	4
2480	0	3	0	4
2481	0	8	0	0
2482	0	3	0	0
2487	0	1	0	0
2488	0	20	0	1
2489	0	0	0	1
2491	0	1	0	0
2492	0	1	0	0
2493	0	5	0	1
2494	0	0	0	1
2495	0	0	0	1
2496	0	1	0	1
2497	0	36	0	2
2498	0	1	0	0
2500	0	0	0	3
2502	0	21	0	9
2503	0	1	0	1
8296	0	0	14	0
2505	0	1	0	0
2509	0	7	0	4
2512	0	1	0	0
2514	0	1	0	0
2513	0	1	0	0
2515	0	1	0	0
5926	0	0	6	0
6532	1	0	6	0
2518	0	4	0	0
2519	0	1	0	0
2355	0	0	0	1
2520	0	1	0	0
2530	0	0	0	1
2531	0	0	0	2
2521	0	1	0	0
2522	0	1	0	0
2523	0	5	0	0
2534	0	0	0	1
2526	0	1	0	0
2527	0	2	0	0
2528	0	1	0	0
2536	0	0	0	1
2537	0	0	0	1
2538	0	0	0	1
2529	0	1	0	0
2540	0	0	0	1
1181	0	0	0	1
2541	0	26	0	11
2543	0	1	0	0
2545	0	7	0	0
2546	0	28	0	6
6435	0	0	11	0
2548	0	12	0	0
2549	0	61	0	8
2551	0	2	0	0
2555	0	11	0	1
2556	0	1	0	0
2566	0	6	0	26
2557	0	76	0	1
4220	6	3	7	0
2567	0	3	0	2
2558	0	2	0	0
2559	0	53	0	29
5406	2	0	11	1
2561	0	2	0	0
2562	0	1	0	1
2563	0	1	0	1
2564	0	49	0	1
4778	1	0	14	1
5364	1	0	5	0
6942	2	0	8	0
7319	0	0	8	0
7362	3	5	14	3
7857	1	0	7	0
7996	1	0	10	0
8068	0	0	4	0
8169	3	0	11	0
2568	0	1	0	3
2569	0	5	0	0
2572	0	7	0	0
2573	0	1	0	0
2574	0	2	0	0
5713	0	1	8	0
2577	0	2	0	0
2578	0	12	0	0
2581	0	1	0	0
2582	0	1	0	0
2583	0	2	0	0
2584	0	1	0	0
2586	0	2	0	0
4625	3	3	8	1
2596	0	13	0	0
2598	0	5	0	2
2603	0	1	0	0
6080	0	0	9	0
2606	0	1	0	0
2608	0	14	0	0
2609	0	6	0	1
2610	0	1	0	0
2611	0	7	0	0
5387	0	1	15	0
2613	0	17	0	8
2614	0	4	0	1
2615	0	2	0	0
2616	0	1	0	0
2624	0	1	0	0
5240	0	0	3	0
5533	0	0	3	0
5956	0	0	2	0
6109	0	0	5	0
6279	0	0	1	0
2627	0	0	0	1
2626	0	3	0	0
2630	0	2	0	0
2631	0	1	0	0
2632	0	0	0	1
2633	0	1	0	0
1863	0	0	0	1
2634	0	0	0	1
2635	0	1	0	0
2636	0	1	0	0
2637	0	1	0	0
2639	0	0	0	1
2640	0	0	0	1
2641	0	0	0	1
2642	0	0	0	1
2644	0	1	0	0
2628	0	1	0	0
2648	0	1	0	0
2649	0	1	0	0
6055	0	0	3	0
6543	0	0	5	0
2656	0	0	0	1
5260	1	0	5	0
8024	0	0	6	0
2659	0	5	0	7
2661	0	1	0	0
2663	0	2	0	0
2664	0	1	0	0
6078	1	0	9	0
6105	2	0	15	0
2668	0	1	0	0
2671	0	1	0	0
2673	0	1	0	0
2675	0	1	0	0
2676	0	3	0	4
2677	0	35	0	5
2680	0	6	0	0
2682	0	1	0	0
2683	0	8	0	5
2684	0	1	0	0
2699	0	62	0	12
2701	0	12	0	7
2702	0	38	0	42
2703	0	42	0	19
2688	0	476	0	136
5368	2	0	3	0
5514	1	0	11	0
5756	3	0	15	0
2704	0	39	0	36
2690	0	24	0	2
2691	0	37	0	7
2692	0	18	0	1
2705	0	0	0	1
2706	0	13	0	5
2694	0	16	0	2
2695	0	6	0	1
2698	0	5	0	10
2709	0	0	0	1
2711	0	2	0	11
2715	0	2	0	0
2716	0	1	0	0
2717	0	1	0	0
2718	0	1	0	0
2719	0	20	0	1
2722	0	1	0	0
2723	0	1	0	0
2725	0	1	0	0
2728	0	1	0	2
2730	0	1	0	1
2731	0	0	0	1
2733	0	1	0	2
2729	0	1	0	0
2734	0	0	0	1
2737	0	16	0	0
2738	0	3	0	0
7423	2	0	9	0
2739	0	1	0	0
2740	0	28	0	0
2741	0	1	0	0
2744	0	35	0	4
2748	0	1	0	0
2749	0	1	0	0
2752	0	5	0	2
2753	0	0	0	1
2755	0	0	0	1
2757	0	3	0	2
2758	0	1	0	1
2759	0	1	0	0
2761	0	1	0	0
2762	0	0	0	3
2766	0	1	0	0
2767	0	1	0	0
2771	0	0	0	1
2769	0	1	0	0
2772	0	1	0	0
2773	0	1	0	0
2776	0	1	0	0
2778	0	16	0	6
2779	0	1	0	0
2780	0	3	0	0
2782	0	1	0	0
2783	0	1	0	0
2784	0	1	0	0
2786	0	1	0	0
2788	0	4	0	0
2789	0	3	0	0
3036	1	4	0	3
2791	0	15	0	0
2792	0	17	0	1
2793	0	6	0	0
2796	0	3	0	5
2802	0	3	0	6
2803	0	1	0	0
2804	0	0	0	16
2807	0	4	0	1
2808	0	1	0	1
2813	0	1	0	0
2817	0	2	0	0
2823	0	0	0	1
3109	0	4	3	5
2824	0	0	0	1
2826	0	1	0	0
2827	0	1	0	0
2832	0	27	0	23
4264	1	0	0	0
2833	0	7	0	0
2835	0	1	0	0
2839	0	5	0	0
2840	0	11	0	3
2842	0	88	0	35
3617	0	0	1	0
2845	0	2	0	1
2846	0	1	0	0
2847	0	1	0	0
2848	0	1	0	0
2849	0	1	0	0
2850	0	1	0	0
2852	0	2	0	0
2853	0	0	0	1
2855	0	12	0	3
2857	0	1	0	0
2858	0	2	0	1
4171	0	0	6	0
2860	0	5	0	0
2866	0	3	0	3
2867	0	1	0	2
2861	0	1	0	0
2868	0	0	0	1
2869	0	0	0	1
2862	0	4	0	0
2863	0	5	0	0
2870	0	0	0	1
2864	0	1	0	0
2865	0	2	0	0
2872	0	52	0	34
2875	0	6	0	0
2876	0	1	0	0
2879	0	1	0	0
2881	0	1	0	0
2882	0	1	0	0
2883	0	18	0	10
4068	2	6	4	0
2884	0	1	0	0
2885	0	0	0	5
2896	0	0	0	1
2886	0	3	0	0
2887	0	1	0	0
2888	0	1	0	0
2889	0	11	0	3
2890	0	1	0	0
2891	0	1	0	0
2892	0	1	0	0
2893	0	1	0	0
2894	0	1	0	0
2895	0	1	0	0
2898	0	2	0	0
2901	0	0	0	4
2899	0	1	0	0
2905	0	2	0	2
2903	0	5	0	3
2904	0	16	0	2
2906	0	4	0	2
2907	0	2	0	4
2908	0	11	0	1
2913	0	8	0	3
2916	0	1	0	0
2919	0	2	0	0
2921	0	1	0	0
2924	0	1	0	1
2929	0	1	0	0
2930	0	1	0	0
2931	0	2	0	0
7316	1	0	4	0
2933	0	1	0	5
2935	0	30	0	6
2936	0	5	0	3
7042	2	0	1	0
8235	1	0	9	0
2939	0	5	0	2
2938	0	1	0	0
7254	0	0	9	0
2941	0	6	0	5
2944	0	1	0	0
2945	0	1	0	0
2947	0	10	0	0
2948	0	23	0	3
2949	0	1	0	0
2950	0	11	0	2
2952	0	1	0	0
2953	0	10	0	0
2954	0	1	0	0
2957	0	1	0	0
2960	0	1	0	0
2961	0	1	0	0
2962	0	1	0	0
2964	0	58	0	12
2965	0	2	0	0
2967	0	220	0	14
4086	0	0	2	0
2971	0	0	0	1
2969	0	3	0	0
2970	0	1	0	0
2978	0	4	0	2
2980	0	1	0	0
2982	0	1	0	0
2983	0	18	0	10
2985	0	4	0	0
2986	0	3	0	0
2987	0	7	0	2
2988	0	54	0	1
2989	0	10	0	0
2992	0	1	0	0
2994	0	2	0	1
2995	0	4	0	6
2998	0	3	0	0
3001	0	5	0	2
3008	0	0	0	1
3003	0	1	0	0
3004	0	3	0	0
3006	0	29	0	2
3011	0	1	0	0
3012	0	1	0	0
3013	0	1	0	0
3016	0	2	0	0
3017	0	3	0	0
3019	0	1	0	0
3363	0	0	1	0
3022	0	1	0	0
3025	0	4	0	0
4684	0	0	3	0
4779	0	0	6	1
4887	0	0	3	0
4987	2	0	11	0
5267	0	2	3	0
5350	1	0	3	0
5442	0	0	3	0
6427	0	0	6	0
6475	0	0	2	0
3031	0	42	0	8
3032	0	187	0	28
3035	0	13	0	0
3592	1	0	0	0
3037	0	5	0	2
3038	0	1	0	0
3039	0	14	0	0
3040	0	6	0	1
3041	0	14	0	0
3042	0	1	0	0
3043	0	1	0	0
3044	0	4	0	2
3047	0	10	0	2
3048	0	0	0	1
3049	0	0	0	6
3046	0	10	0	0
3051	0	1	0	0
3052	0	1	0	0
3053	0	8	0	1
3054	0	1	0	0
3055	0	41	0	11
3057	0	35	0	13
3060	0	4	0	0
3061	0	2	0	0
3062	0	30	0	12
2976	0	7	0	0
3066	0	1	0	0
3070	0	1	0	1
3071	0	1	0	0
3072	0	24	0	1
7290	0	0	5	0
3074	0	1	0	0
3075	0	2	0	0
3076	0	1	0	0
3077	0	4	0	0
3078	0	1	0	0
3063	0	2	0	1
7735	1	0	2	0
3081	0	13	0	6
3083	0	2	0	0
3085	0	1	0	0
3086	0	7	0	1
3087	0	7	0	1
3088	0	24	0	13
3090	0	10	0	2
6530	0	0	7	0
3091	0	1	0	0
3093	0	1	0	0
3094	0	5	0	0
3097	0	0	0	1
3098	0	25	0	12
3095	0	25	0	12
3096	0	3	0	0
3101	0	2	0	0
3102	0	0	0	1
3107	0	10	0	0
3108	0	8	0	0
8227	0	1	2	0
3110	0	18	0	3
3111	0	1	0	0
3112	0	1	0	0
3113	0	1	0	0
2003	0	40	0	22
7440	0	0	7	0
3115	0	1	0	4
3118	0	1	0	1
3119	0	3	0	0
3120	0	4	0	4
3123	0	3	0	0
3124	0	2	0	0
3127	0	12	0	3
3701	1	0	1	0
3128	0	1	0	0
3129	0	2	0	0
3131	0	1	0	0
3132	0	2	0	1
3135	0	0	0	1
3133	0	1	0	0
3134	0	1	0	0
3137	0	4	0	0
3143	0	0	0	1
3142	0	41	0	8
3146	0	1	0	0
3147	0	6	0	0
3149	0	1	0	0
3151	0	1	0	0
3152	0	1	0	0
3153	0	1	0	0
3154	0	1	0	0
3156	0	1	0	0
3158	0	1	0	0
3159	0	8	0	1
3160	0	1	0	1
3162	0	3	0	0
3163	0	1	0	0
3165	0	1	0	0
3166	0	1	0	0
3167	0	1	0	0
3169	0	0	0	1
3168	0	67	0	12
3172	0	13	0	0
3174	0	1	0	0
3175	0	33	0	8
3176	0	5	0	1
3181	0	3	0	0
3190	0	4	0	6
3182	0	1	0	0
3183	0	2	0	0
3184	0	1	0	0
3185	0	2	0	0
3186	0	1	0	0
3187	0	1	0	0
3188	0	7	0	13
3189	0	9	0	1
3194	0	0	0	1
3195	0	0	1	0
3196	0	19	0	3
3197	0	4	0	0
3198	0	1	0	0
3199	0	13	0	0
3202	0	6	0	2
3203	0	1	0	0
3204	0	1	0	0
3206	0	0	0	1
3207	0	0	0	1
3208	0	6	0	0
3209	0	32	0	9
3212	0	0	0	1
3213	0	0	0	1
3215	0	0	0	1
3214	0	0	0	1
3216	0	1	0	1
3210	0	3	0	0
3217	0	0	0	1
3219	0	0	0	1
3220	0	0	0	1
3221	0	0	0	1
1509	0	1	0	0
3211	0	2	0	0
3218	0	0	0	1
3222	0	0	0	1
3223	0	0	0	1
3224	0	0	0	1
3225	0	13	0	0
3226	0	1	0	0
3227	0	19	0	0
3228	0	1	0	0
3229	0	1	0	0
3230	0	1	0	0
3231	0	1	0	0
3232	0	1	0	0
3234	0	0	0	1
3233	0	3	0	0
3239	0	2	0	1
3240	0	1	0	0
3241	0	1	0	0
3242	0	4	0	2
3244	0	1	0	0
3245	1	0	0	0
3246	0	2	0	0
3247	0	1	0	1
3248	0	1	0	0
3249	0	3	0	0
3250	0	2	0	1
3252	0	32	0	4
3257	0	1	0	0
3263	0	0	0	1
3264	0	0	0	1
3259	0	1	0	1
3261	0	1	0	0
3262	0	8	0	1
3267	0	1	0	0
3268	0	1	0	1
3269	0	2	0	1
3270	0	2	0	0
3272	0	2	0	0
3280	0	1	0	2
3281	0	0	0	1
3273	0	1	0	0
3275	0	10	0	4
3277	0	1	0	0
3282	0	2	0	3
3278	0	1	0	1
3279	0	1	0	1
3288	0	1	0	0
3290	0	29	0	7
3292	0	8	0	0
3294	0	0	0	1
3296	0	2	0	0
3298	0	1	0	0
3306	0	2	0	5
3299	0	1	0	0
3300	0	5	0	0
3302	0	1	0	0
3303	0	1	0	0
1529	0	0	0	2
3304	0	31	0	0
3305	0	2	0	3
3311	0	1	0	0
3312	0	1	0	0
3314	0	1	0	0
3315	0	13	0	0
3318	0	0	0	1
3316	0	3	0	0
3317	0	15	0	0
3322	0	1	0	0
3323	0	1	0	1
3325	0	6	0	0
3326	0	12	0	6
3335	0	0	0	1
3331	0	1	0	0
3332	0	1	0	0
3333	0	14	0	1
3339	0	1	0	0
3340	0	3	0	1
3341	0	1	0	0
3342	0	1	0	0
3343	0	10	0	3
3344	0	1	0	0
3345	0	35	0	0
3349	0	9	0	0
3350	0	55	0	0
4866	1	2	4	0
3353	0	1	0	0
3354	0	5	0	0
3355	0	3	0	0
3360	0	0	0	1
3356	0	1	0	0
3357	0	1	0	1
3358	0	1	0	0
3359	0	1	0	0
3361	0	0	0	2
3362	0	0	0	1
3368	0	0	0	1
3369	0	0	0	1
3370	0	0	0	1
3366	0	30	0	32
3367	0	3	0	0
3373	0	12	0	0
3374	0	3	0	1
3375	0	35	0	8
3377	0	4	0	0
3378	0	37	0	4
3379	0	19	0	0
3380	0	33	0	9
3382	0	1	0	0
3383	0	2	0	0
3384	0	3	0	0
3385	0	1	0	0
3388	0	11	0	4
3389	0	2	0	0
3391	0	4	0	0
3392	0	26	0	7
5882	0	0	3	0
3395	0	1	0	0
3396	0	2	0	0
3397	0	2	0	1
3398	0	1	0	0
3399	0	3	0	0
3400	0	1	0	0
3401	0	1	0	0
3403	0	0	0	3
3402	0	87	0	35
8263	3	2	4	0
6307	0	0	6	0
3405	0	1	0	0
3390	0	46	0	14
5388	0	0	3	0
3407	0	0	0	1
3406	0	4	0	0
3411	0	0	0	1
3412	0	0	0	1
3427	0	0	0	1
3422	0	2	0	1
3423	0	0	0	1
3416	0	1	0	0
3424	0	0	0	1
3425	0	1	0	1
3418	0	1	0	0
3426	0	0	0	1
3434	0	0	0	1
3436	0	1	0	0
3437	0	1	0	0
3440	0	0	0	1
3441	0	0	0	2
3438	0	1	0	0
3444	0	0	0	2
3445	0	13	0	7
6225	1	1	4	0
6724	0	0	5	0
6920	0	0	5	0
4934	1	5	6	1
7222	0	1	5	0
3448	0	3	0	0
3449	0	296	0	18
3450	0	27	0	0
3451	0	49	0	49
4880	0	0	1	0
5306	0	1	6	0
5471	0	0	2	0
6054	0	0	3	0
6826	0	0	2	0
3457	0	90	0	73
4992	2	4	10	0
5363	0	0	3	0
3462	0	36	0	18
3466	0	12	0	5
3467	0	1	0	0
3468	0	3	0	0
3469	0	21	0	2
3470	0	21	0	0
3472	0	9	0	6
3471	0	2	0	0
3475	0	1	0	0
3481	0	11	0	6
3482	0	10	0	14
3477	0	45	0	8
3478	0	42	0	0
3487	0	1	0	0
3488	0	14	0	2
3492	0	1	0	2
3493	0	0	0	1
3490	0	2	0	0
3494	0	0	0	1
3495	0	1	0	2
3496	0	7	0	3
3491	0	0	0	2
2524	0	4	0	3
3497	0	0	0	1
3499	0	1	0	2
3500	0	0	0	1
3504	0	1	0	0
3509	0	0	0	1
3510	0	1	0	0
3515	0	0	0	3
3511	0	1	0	0
3512	0	8	0	1
3513	0	3	0	1
3514	0	1	0	0
3518	0	5	0	1
3519	0	48	0	0
3521	0	23	0	6
3528	0	7	0	6
3522	0	51	0	19
3523	0	15	0	13
3524	0	1	0	0
3525	0	13	0	3
3526	0	6	0	0
3527	0	47	0	17
3386	0	11	0	1
3530	0	2	0	1
3531	0	1	0	0
3532	0	2	0	3
3535	0	5	0	0
3536	0	4	0	2
3539	0	2	0	0
3540	0	2	0	2
3542	0	4	0	1
3543	0	2	0	1
3508	0	7	0	4
3544	0	3	0	4
3545	0	2	0	0
3550	0	1	0	0
3551	0	1	0	0
3552	0	1	0	0
3553	0	5	0	3
3558	0	1	0	0
3560	0	12	0	4
4481	0	0	2	0
3561	0	2	0	2
3563	0	3	0	0
3564	0	2	0	0
3565	0	1	0	0
3566	0	1	0	0
4265	0	0	3	0
6162	0	0	7	1
3569	0	2	0	40
3571	0	39	0	6
3577	0	1	0	0
3579	0	0	0	2
3578	0	1	0	1
3708	0	0	1	0
3581	0	1	0	0
3582	0	1	0	0
3583	0	3	0	1
3584	0	1	0	0
3585	0	2	0	0
6680	0	0	1	0
3589	0	5	0	0
3590	0	0	0	1
3591	0	12	1	1
3593	0	24	0	1
3594	0	2	0	0
3598	0	2	0	2
3595	0	2	0	0
3599	0	0	0	1
3600	0	6	0	6
3601	0	41	0	11
3596	0	1	0	0
3597	0	11	0	2
3604	0	1	0	1
7708	0	0	1	0
3602	0	1	0	0
3603	0	10	0	2
3605	0	1	0	0
3606	0	1	0	0
3610	0	4	0	0
3611	0	19	0	3
3613	0	1	0	0
3618	0	1	0	0
3619	0	1	0	0
3620	0	1	0	0
3621	0	1	0	0
3622	0	22	0	0
5694	0	0	4	0
6611	0	11	1	4
7023	2	2	6	6
7734	0	0	6	0
3624	0	48	0	15
3625	0	4	0	0
3628	0	0	0	1
3630	0	30	0	2
3632	0	1	0	0
3633	0	26	0	22
3636	0	11	0	0
3637	0	4	0	0
3638	0	1	0	0
3639	0	11	0	1
3640	0	1	0	0
3641	0	184	0	28
3642	0	272	0	83
6721	1	0	5	0
3649	0	0	0	1
3647	0	13	0	0
3651	0	1	0	0
3652	0	1	0	0
3653	0	2	0	0
3654	0	1	0	0
3655	0	7	0	2
3656	0	3	0	0
3657	0	1	0	0
3658	0	38	0	1
3659	0	32	0	6
3662	0	3	0	7
3663	0	1	0	0
3665	0	12	0	7
3666	0	113	0	31
3667	0	5	0	1
3668	0	0	0	1
3673	0	5	0	0
3674	0	2	0	0
3675	0	1	0	0
3676	0	1	0	0
3677	0	2	0	0
3678	0	13	0	4
3682	0	20	0	55
3683	0	6	0	0
3684	0	1	0	0
3685	0	2	0	0
3686	0	3	0	0
3692	0	4	0	4
3687	0	1	0	0
3688	0	3	0	1
3689	0	1	0	1
3690	0	1	0	0
5481	0	0	5	0
3832	0	0	1	1
7387	0	3	4	1
3693	0	0	0	1
3694	0	0	0	1
3695	0	0	0	1
3696	0	0	0	1
3697	0	0	0	1
3698	0	0	0	1
3700	0	0	0	2
3702	0	1	0	0
3703	0	1	0	0
3704	0	1	0	0
3705	0	2	0	1
3706	0	1	0	0
3707	0	1	0	0
3709	0	7	0	0
2067	0	3	0	0
3711	0	1	0	0
3712	0	1	0	0
3714	0	15	0	0
3715	0	1	0	0
3718	0	1	0	0
3719	0	14	0	0
3723	0	7	0	0
3722	0	0	0	2
3733	0	0	0	1
3725	0	3	0	1
3727	0	1	0	0
3728	0	65	0	19
3729	0	11	0	0
3735	0	1	0	2
3730	0	1	0	0
3731	0	12	0	3
3742	0	1	0	2
3743	0	8	0	2
5133	1	0	4	0
3744	0	1	0	1
3746	0	1	0	0
3747	0	3	0	1
3749	0	3	0	1
3750	0	2	0	0
3751	0	10	0	1
3753	0	1	0	0
3754	0	6	0	0
3679	0	2	0	0
3757	0	1	0	0
3758	0	1	0	0
3759	0	1	0	0
3760	0	1	0	0
3761	0	2	0	0
3762	0	8	0	0
3763	0	1	0	2
3764	0	6	0	4
3765	0	1	0	0
3766	0	5	0	4
3767	0	3	0	13
3771	0	2	0	1
3774	0	1	0	0
3775	0	10	0	2
3777	0	7	0	4
4413	1	0	0	0
3779	0	1	0	1
3780	0	3	0	0
3781	0	1	0	0
3782	0	2	0	1
3784	0	0	0	1
3783	0	1	0	0
3788	0	2	0	0
3786	0	69	0	29
5778	0	0	4	0
2975	0	2	0	0
3791	0	0	0	1
3797	1	0	2	0
3795	0	0	0	1
3794	0	42	0	4
3798	0	18	0	5
3799	0	6	0	0
3801	0	1	0	0
3802	0	5	0	3
3805	0	1	0	0
3810	0	0	0	1
3814	0	24	0	23
3815	0	14	0	6
3817	0	1	0	0
3823	0	1	0	1
3824	0	1	0	0
3827	0	2	0	0
3829	0	1	0	0
3821	0	2	0	0
3833	0	1	0	2
3834	0	1	0	0
3836	0	1	0	0
3837	0	1	0	0
3841	0	0	0	1
3839	0	5	0	0
3840	0	1	0	0
3844	0	1	0	0
3845	0	7	0	1
3848	0	1	0	0
3850	0	2	0	0
3851	0	2	0	0
3855	0	6	0	0
3858	0	1	0	0
3862	0	2	0	0
3863	0	5	0	0
3864	0	1	0	0
3865	0	2	0	0
3869	0	5	0	0
3870	0	2	0	0
3648	0	3	0	6
3872	0	10	0	5
8038	0	0	4	0
3876	0	3	0	0
3878	0	0	0	1
3877	0	9	0	4
3881	0	1	0	1
3882	0	0	0	1
3883	0	1	0	0
3886	0	1	0	0
3889	0	1	0	1
3890	0	3	0	0
3891	0	1	0	0
3894	0	1	0	0
3895	0	1	0	0
3896	0	1	0	0
3900	0	3	0	0
3901	0	1	0	0
3902	0	16	0	27
3904	0	1	0	0
3905	0	2	0	0
3906	0	1	0	0
3907	0	1	0	0
3909	0	1	0	0
5588	0	0	5	0
3916	0	23	0	18
3917	0	23	0	6
3918	0	4	0	0
3920	0	6	0	0
3923	0	1	0	0
3924	0	2	0	3
3925	0	6	0	1
3927	0	1	0	0
3928	0	2	0	0
3929	0	2	0	0
3930	0	5	0	0
3931	0	1	0	0
3932	0	4	0	0
3935	0	1	0	0
3936	0	1	0	0
3941	0	0	0	1
3943	0	1	0	0
3944	0	1	0	0
3947	0	2	0	1
3945	0	2	0	0
3948	0	10	0	16
3952	0	1	0	0
3953	0	1	0	0
3954	0	2	0	0
3955	0	2	0	1
3959	0	1	0	1
3960	0	11	0	12
3961	0	16	0	0
4886	0	0	1	0
3964	0	0	0	1
3965	0	78	0	10
3963	0	1	0	0
3966	0	1	0	0
3957	0	0	0	1
3968	0	1	0	0
7062	0	3	4	1
6257	0	0	3	0
6278	0	0	5	0
4966	2	25	8	0
3977	0	13	0	1
3978	0	2	0	0
3979	0	3	0	0
3981	0	1	0	0
3987	0	0	0	1
3982	0	17	0	3
3989	0	0	0	2
3983	0	4	0	0
3984	0	2	0	0
3990	0	0	0	1
3985	0	25	0	7
3986	0	1	0	0
3991	0	4	0	3
3992	0	2	0	0
3997	0	1	0	0
3998	0	2	0	0
4000	0	4	0	0
4001	0	27	0	1
4005	0	1	0	0
4006	0	2	0	0
4007	0	9	0	6
4008	0	6	0	1
4010	0	1	0	0
4016	0	1	0	1
4015	0	2	0	0
4019	0	2	0	0
4020	0	6	0	0
4023	0	2	0	1
4025	0	1	0	0
4026	0	1	0	1
4027	0	2	0	4
4028	0	0	0	1
4034	0	3	0	1
4035	0	1	0	0
4036	0	135	0	12
4038	0	1	0	0
6709	1	1	5	1
4039	0	9	0	0
4042	0	21	0	0
7149	1	0	6	0
4991	0	0	4	0
4045	0	240	0	17
4521	0	0	1	0
4046	0	39	0	49
7257	2	0	6	0
4048	0	0	0	1
4050	0	1	0	0
4053	0	2	0	0
4056	0	20	0	3
4057	0	1	0	0
4059	0	3	0	1
4061	0	1	0	0
4062	0	4	0	0
4063	0	26	0	1
4077	0	63	0	14
4064	0	1	0	0
4066	0	5	0	0
4067	0	1	0	0
4069	0	1	0	0
4079	0	1	0	3
4070	0	56	0	55
4073	0	85	0	29
5274	0	0	3	0
4074	0	33	0	0
4075	0	1	0	0
4080	0	1	0	0
4083	0	0	0	1
4082	0	15	0	0
4085	0	0	0	1
4089	0	3	0	0
4090	0	1	0	0
4091	0	1	0	0
4092	0	1	0	0
4095	0	1	0	1
4096	0	1	0	0
4097	0	1	0	0
4100	0	0	0	1
4108	0	0	0	1
4104	0	2	0	1
4105	0	1	0	0
4109	0	0	0	1
4106	0	1	0	0
4107	0	1	0	0
4116	0	8	0	4
4119	0	5	0	1
4120	0	3	0	0
4121	0	1	0	1
4076	0	51	0	34
6858	0	0	2	0
4122	0	1	0	0
4123	0	23	0	2
4125	0	2	0	0
4126	0	2	0	0
4128	0	9	0	0
4237	1	0	1	0
4129	0	1	0	1
4130	0	2	0	0
4131	0	1	0	0
4132	0	1	0	0
4133	0	2	0	0
4135	0	2	0	0
4136	0	26	0	0
4137	0	6	0	1
4139	0	1	0	0
4140	0	10	0	2
4141	0	5	0	0
4142	0	30	0	7
4143	0	1	0	0
4144	0	38	0	38
4145	0	2	0	0
4146	0	1	0	0
4147	0	2	0	0
4148	0	4	0	2
4149	0	2	0	0
4150	0	13	0	3
4151	0	77	0	6
4152	0	34	0	9
4153	0	1	0	0
4154	0	1	0	0
4159	0	2	0	0
4163	0	2	0	0
4164	0	3	0	0
4165	0	1	0	0
4166	0	1	0	0
4155	0	0	0	5
4167	0	1	0	0
4168	1	0	1	1
4169	0	4	0	5
4170	0	0	0	1
4174	0	1	0	0
4176	0	1	0	0
4177	0	1	0	0
4178	0	1	0	2
4180	0	1	0	0
3819	0	9	0	1
4184	0	1	0	0
4185	0	1	0	0
4186	0	6	0	0
4187	0	8	0	1
4190	0	2	0	0
4194	0	1	0	1
4192	0	7	0	0
4195	0	0	0	1
4197	0	2	0	5
4198	0	1	0	0
4200	0	4	0	1
4207	0	0	0	1
4208	0	1	0	1
4202	0	1	0	0
4203	0	1	0	0
4204	0	2	0	0
3995	0	50	0	6
4209	0	0	0	1
4205	0	2	0	3
4210	0	0	0	1
4206	0	1	0	0
5362	0	0	1	0
4215	0	0	0	2
4213	0	2	0	1
4214	0	8	0	1
4217	0	0	0	1
4222	0	28	0	13
4223	0	5	0	2
4224	0	5	0	12
4221	0	41	0	1
4225	0	0	0	1
4228	0	3	0	0
4232	0	2	0	1
4093	0	1	0	0
4236	0	0	0	1
4238	0	1	0	0
4240	0	1	0	0
4243	0	0	0	1
4244	0	0	0	1
4241	0	1	0	0
4242	0	1	0	0
4245	0	1	0	1
4246	0	0	0	1
4248	0	1	0	0
4249	0	1	0	0
4250	0	2	0	0
4251	0	1	0	0
4252	0	5	0	0
4229	0	4	0	0
4255	0	9	0	0
4257	0	2	0	0
4259	0	1	0	0
4260	0	1	0	0
4267	0	1	0	0
4275	0	4	0	1
4273	0	19	0	4
7315	0	0	12	0
4277	0	0	0	1
4274	0	1	0	0
4278	0	0	0	1
4279	0	0	0	1
4280	0	0	0	1
4282	0	5	0	1
4283	0	1	0	0
4284	0	1	0	0
4285	0	2	0	0
4291	0	3	0	1
4292	0	4	0	0
4295	0	16	0	1
4296	0	1	0	0
4304	0	1	0	0
4305	0	1	0	0
4308	0	2	0	5
4306	0	1	0	0
4307	0	2	0	1
4312	0	5	0	0
4313	0	1	0	4
4314	0	3	0	1
4316	0	8	0	0
4317	0	3	0	0
4322	0	1	0	0
4318	0	2	0	1
4319	0	4	0	0
4320	0	2	0	0
4321	0	1	0	0
4324	0	8	0	0
4325	0	2	0	1
4326	0	4	0	2
4327	0	2	0	0
4328	0	1	0	0
4329	0	9	0	3
4333	0	1	0	1
4334	0	1	0	0
4336	0	1	0	0
4337	0	1	0	0
4345	0	0	0	2
4346	0	0	0	1
4340	0	1	0	0
4342	0	8	0	2
4343	0	4	0	3
4347	0	33	0	22
7952	1	0	8	0
8090	0	0	8	0
4344	0	2	0	1
4348	0	0	0	1
4352	0	1	0	0
4353	0	66	0	14
4354	0	4	0	2
4357	0	1	0	0
4358	0	1	0	0
4360	0	1	0	0
4364	0	14	0	25
4362	0	1	0	0
4363	0	12	0	9
4366	0	2	0	0
2028	0	1	0	0
4368	0	1	0	0
4369	0	2	0	0
4371	0	4	0	2
4370	0	1	0	0
4372	0	0	0	1
4375	0	3	0	0
4377	0	11	0	0
4378	0	1	0	0
4383	0	3	0	1
4379	0	5	0	0
4380	0	1	0	0
4381	0	1	0	0
4382	0	1	0	0
4393	0	1	0	0
4394	0	1	0	0
4399	0	0	0	1
4395	0	1	0	2
4396	0	1	0	0
4397	0	1	0	0
4398	0	8	0	1
4404	0	0	0	1
4408	0	0	0	1
4405	0	1	0	0
4414	0	1	0	0
4415	0	15	0	2
4416	0	5	0	6
4423	0	0	0	1
4425	0	1	0	1
4426	0	5	0	0
4427	0	1	0	0
4428	0	12	0	0
4429	0	9	0	3
4430	0	4	0	2
4431	0	4	0	0
4433	0	17	0	7
4434	0	2	0	0
4436	0	2	0	0
4437	0	33	0	37
4438	0	4	0	2
4439	0	1	0	0
4440	0	5	0	1
4442	0	15	0	3
4443	0	4	0	3
4444	0	1	0	0
4445	0	1	0	0
4446	0	2	0	0
4447	0	12	0	2
4449	0	1	0	0
4451	0	6	0	3
4452	0	0	0	1
4450	0	1	0	0
4454	0	1	0	0
4455	0	16	0	6
4539	0	0	1	0
4456	0	3	0	1
4457	0	1	0	0
4458	0	2	0	0
4459	0	4	0	0
4460	0	1	0	1
4461	0	1	0	1
4462	0	1	0	0
4464	0	1	0	0
4465	0	2	0	2
4467	0	1	0	0
4469	0	1	0	0
4470	0	1	0	0
4473	0	1	0	0
4474	0	2	0	0
4477	0	1	0	1
4476	0	1	0	15
8139	0	0	5	1
4478	0	0	0	1
4475	0	1	0	0
4479	0	0	0	1
4493	0	0	0	1
4486	0	9	0	11
5726	0	0	1	0
4494	0	0	0	1
4495	0	0	0	1
5955	0	0	3	0
4489	0	11	0	4
4490	0	1	0	0
4496	0	2	0	1
4498	0	0	0	1
4491	0	1	0	0
4497	0	0	0	1
4504	0	1	0	1
4502	0	2	0	0
4503	0	1	0	0
4492	0	2	0	0
4508	0	1	0	0
4509	0	11	0	0
4511	0	9	0	6
4516	0	0	0	1
4523	0	1	0	0
4524	0	7	0	2
4526	0	2	0	3
4533	0	1	0	2
4535	0	5	0	0
4538	0	1	0	0
4540	0	1	0	0
4541	1	0	0	0
4542	0	2	0	7
4544	0	0	2	0
7434	0	0	7	0
4543	0	1	0	1
4545	0	1	0	0
4553	0	2	0	1
4554	0	1	0	0
4555	0	0	0	1
4556	0	0	0	1
4560	0	2	0	1
4563	0	11	0	0
4564	0	29	0	4
4565	0	2	0	0
4566	0	2	0	1
4567	0	2	0	0
7292	0	0	2	0
4568	0	0	0	1
4569	0	1	0	0
4575	0	2	0	0
4576	0	8	0	2
4577	0	2	0	0
4581	0	3	0	0
4582	0	4	0	1
4586	0	4	0	5
4592	0	3	0	3
4593	0	0	0	1
4594	0	1	0	0
4595	0	2	0	1
4596	0	1	0	0
4597	0	1	0	0
4598	0	32	0	38
4599	0	1	0	0
4602	0	0	0	2
4601	0	1	0	0
4603	0	1	0	0
4608	0	0	0	1
4607	0	1	0	0
4609	0	0	0	2
2841	0	0	0	1
4611	0	1	0	0
4612	0	1	0	0
4615	0	1	0	0
4616	0	6	0	1
4617	0	1	0	0
4618	0	3	0	1
4619	0	1	0	0
4622	0	1	0	0
4623	0	2	0	0
4624	0	1	0	1
4629	0	0	0	1
4626	0	5	0	0
4627	0	1	0	0
4630	0	2	0	2
4487	0	6	0	25
4633	0	11	0	1
4636	0	0	0	1
4638	0	1	0	0
4640	0	1	0	1
4641	0	0	0	1
4644	0	1	0	0
4649	0	1	0	0
4651	0	1	0	1
4652	0	4	0	4
4655	0	1	0	1
4635	0	1	0	0
4659	0	3	0	0
4660	0	1	0	0
4663	0	6	0	4
4664	0	5	0	1
4647	0	9	0	2
4665	0	8	0	1
4672	0	1	0	1
4667	0	1	0	0
4673	0	68	0	28
4668	0	1	0	0
4669	0	6	0	6
4675	0	1	0	0
4670	0	1	0	0
4671	0	6	0	1
4674	0	1	0	2
4681	0	10	0	10
4683	0	0	0	1
4682	0	14	0	0
4686	0	35	0	21
4688	0	59	0	0
4693	0	2	0	0
4692	0	1	0	0
4694	0	1	0	0
4695	0	1	0	0
4696	0	1	0	0
4697	0	1	0	0
4698	0	1	0	0
4699	0	1	0	0
4700	0	1	0	0
4701	0	1	0	0
4702	0	1	0	0
4703	0	1	0	0
4704	0	1	0	0
4705	0	3	0	0
4707	0	1	0	0
4708	0	1	0	0
4710	0	7	0	1
4711	0	1	0	0
4714	0	3	0	0
4716	0	1	0	0
2621	0	8	0	0
4718	0	29	0	15
5434	0	0	5	0
4721	0	0	0	2
4720	0	1	0	0
4723	0	1	0	0
4725	0	33	0	3
4726	0	12	0	3
4727	0	1	0	0
4733	0	4	0	0
4736	0	1	0	0
4742	0	1	0	1
4737	0	2	0	1
5838	1	1	4	0
4738	0	1	0	0
4739	0	11	0	0
4743	0	1	0	1
4745	0	0	0	2
4740	0	1	0	0
4744	0	0	0	2
4746	0	7	0	11
4741	0	3	0	0
4749	0	2	0	1
4750	0	3	0	0
4751	0	4	0	0
4754	0	0	0	1
4752	0	1	0	0
4753	0	1	0	0
4755	0	1	0	0
4756	0	32	0	2
4757	0	6	0	0
4759	0	0	0	1
4760	0	5	0	2
4761	0	1	0	0
4762	0	1	0	0
4763	0	1	0	0
4765	0	2	0	2
4771	0	2	0	1
4766	0	1	0	0
4773	0	1	0	0
4774	0	12	0	1
4782	0	2	0	0
4785	0	1	0	0
4787	0	1	0	0
4788	0	15	0	5
4789	0	2	0	0
4790	0	1	0	0
7909	0	0	2	0
4793	0	2	0	0
4794	0	1	0	0
4799	0	1	0	1
4801	0	1	0	0
4800	0	1	0	0
4803	0	1	0	0
4804	0	1	0	0
4805	0	2	0	0
4806	0	1	0	0
4807	0	1	0	0
4810	0	1	0	0
4813	0	45	0	1
4816	0	1	0	0
4817	0	1	0	0
4818	0	15	0	13
4819	0	1	0	0
4821	0	1	0	1
4823	0	1	0	0
5310	0	0	2	0
4825	0	2	0	0
4826	0	1	0	0
4829	0	56	0	22
6856	0	0	1	0
4830	0	0	0	1
4832	0	4	0	3
4857	0	0	0	1
4833	0	5	0	1
4834	0	1	0	0
4835	0	1	0	0
4836	0	1	0	0
4837	0	2	0	0
4838	0	2	0	0
4839	0	1	0	0
4840	0	3	0	1
4858	0	0	0	1
4841	0	1	0	0
4842	0	2	0	0
4843	0	11	0	13
4844	0	2	0	0
4864	0	4	0	0
4859	0	29	0	1
4860	0	0	0	2
4845	0	1	0	0
4847	0	1	0	0
4848	0	1	0	0
4849	0	2	0	0
4850	0	3	0	0
4861	0	0	0	1
4862	0	1	0	3
4851	0	2	0	1
4852	0	3	0	0
4863	0	0	0	1
4853	0	3	0	2
4854	0	2	0	0
4855	0	2	0	0
4856	0	2	0	1
4867	0	1	0	0
4868	0	1	0	0
4873	0	0	0	1
4871	0	1	0	0
4869	0	1	0	0
4874	0	0	0	3
4870	0	1	0	1
4872	0	1	0	0
4881	0	3	0	1
4882	0	3	0	0
4883	0	4	0	1
4885	0	3	0	1
7557	2	0	11	0
4889	0	1	0	1
4890	0	0	0	1
4891	0	3	0	4
4893	0	5	0	0
4894	0	33	0	45
5570	0	0	4	0
6088	0	0	3	0
4898	0	5	0	6
4900	0	1	0	0
4901	0	2	0	0
4903	0	1	0	1
4904	0	1	0	1
4905	0	1	0	0
4923	0	0	0	3
4906	0	1	0	1
4927	0	1	0	0
4908	0	1	0	0
4924	0	8	0	2
4909	0	2	0	0
4910	0	2	0	0
4911	0	1	0	0
4912	0	1	0	1
4913	0	1	0	0
4914	0	1	0	1
4915	0	5	0	1
4916	0	1	0	0
4917	0	1	0	0
4918	0	1	0	0
4925	0	0	0	1
4919	0	1	0	0
4920	0	1	0	1
4926	0	4	0	2
4921	0	1	0	0
4922	0	1	0	1
4931	0	1	0	0
4932	0	2	0	0
4933	0	3	0	0
8028	1	0	3	0
4935	0	1	0	0
4936	0	2	0	0
4937	0	14	0	3
4943	0	30	0	1
4945	0	0	0	1
4947	0	8	0	2
4948	0	192	0	22
4950	0	1	0	0
4951	0	1	0	0
4952	0	3	0	0
4957	0	1	0	0
4960	0	8	0	0
4963	0	11	0	2
7204	0	0	3	0
7243	0	1	11	0
4965	0	1	0	0
4967	0	306	0	54
5880	0	0	3	0
6661	2	0	5	0
6950	0	0	5	0
4969	0	1	0	0
4970	0	6	0	2
4971	0	1	0	0
4972	0	1	0	1
4973	0	7	0	1
4974	0	41	0	3
7642	1	1	11	0
4975	0	2	0	0
4976	0	20	0	3
2346	0	3	0	1
4978	0	1	0	0
4979	0	1	0	0
4982	0	26	0	16
4985	0	1	0	0
4988	0	21	0	2
4989	0	4	0	3
4995	0	0	0	1
4996	0	0	0	1
5000	0	1	0	0
5001	0	1	0	0
5003	0	2	0	0
5005	0	0	0	1
4897	0	0	0	1
5006	0	16	0	12
5008	0	23	0	4
5009	0	14	0	0
5010	0	3	0	1
5011	0	9	0	1
5013	0	6	0	1
5016	0	8	0	2
5017	0	4	0	5
5018	0	1	0	0
5019	0	1	0	0
5024	0	4	0	0
5029	0	21	0	5
5031	0	1	0	0
5032	0	1	0	1
5035	0	1	0	0
5036	0	3	0	1
5038	0	5	0	0
5039	0	7	0	0
5040	0	2	0	1
5046	0	2	0	0
5050	0	7	0	4
5047	0	1	0	0
5048	0	5	0	1
5051	0	8	0	0
5052	0	1	0	0
5053	0	51	0	1
5054	0	2	0	0
5057	0	0	0	1
5059	0	15	0	11
7318	0	0	3	0
5060	0	3	0	0
5062	0	1	0	0
5063	0	1	0	0
5065	0	0	0	1
5069	0	3	0	2
5067	0	2	0	0
5068	0	9	0	1
5070	0	3	0	1
5071	0	1	0	0
5077	0	1	0	0
5078	0	3	0	0
5145	0	0	1	0
6778	0	0	3	0
8277	2	0	2	0
5080	0	2	0	1
5081	0	3	0	2
5084	0	1	0	0
5085	0	1	0	3
5086	0	1	0	0
5087	0	1	0	0
5088	0	1	0	0
5089	0	8	0	0
5090	0	3	0	0
5091	0	1	0	0
5095	0	2	0	1
5097	0	1	0	0
5099	0	9	0	5
5098	0	2	0	0
5102	0	48	0	6
6681	0	0	2	0
5104	0	3	0	0
5105	0	1	0	0
5109	0	1	0	0
5111	0	3	0	4
5110	0	83	0	1
5112	0	0	0	1
5114	0	2	0	2
5116	0	1	0	0
5117	0	1	0	1
5118	0	9	0	4
5119	0	18	0	0
5122	0	1	0	0
5127	0	0	0	1
5128	0	0	0	1
5129	0	0	0	1
5124	0	1	0	0
5125	0	16	0	38
5126	0	3	0	0
5135	0	0	0	1
5136	0	1	0	0
5138	0	1	0	0
5143	0	8	0	8
7246	0	0	8	0
7273	0	0	3	0
5139	0	8	0	3
5142	0	4	0	0
5150	0	13	0	0
5151	0	3	0	0
5152	0	4	0	0
5153	0	5	0	0
5154	0	2	0	1
5158	0	1	0	0
5159	0	1	0	0
5160	0	8	0	4
5161	0	1	0	0
5167	0	0	0	1
5163	0	1	0	0
5164	0	2	0	0
5166	0	40	0	8
5171	0	40	0	1
5172	0	17	0	12
5665	0	0	1	0
5173	0	114	0	8
5174	0	6	0	0
5175	0	20	0	15
5177	0	88	1	13
7653	0	0	7	1
5180	0	47	0	2
5181	0	29	0	12
5183	0	1	0	0
5184	0	64	0	4
5185	0	117	0	34
5186	0	2	0	0
5187	0	28	0	3
5754	0	0	2	0
7498	1	0	8	0
7913	0	0	5	0
5190	0	56	0	24
5191	0	5	0	5
5192	0	1	0	0
5194	0	9	0	1
5195	0	3	0	1
5196	0	29	0	3
5197	0	3	0	0
5198	0	5	0	1
5201	0	12	0	3
7520	1	3	6	0
5202	0	2	0	0
5203	0	12	0	3
7297	1	0	0	0
7365	0	1	4	1
5207	0	9	0	4
5209	0	0	0	1
5213	0	1	0	0
5214	0	1	0	0
5216	0	0	0	1
5217	0	17	0	4
5218	0	1	0	0
5219	0	1	0	0
5220	0	1	0	0
5221	0	1	0	0
5224	0	1	0	0
8058	0	0	2	0
5227	0	0	0	1
5228	0	0	0	1
5225	0	1	0	0
5229	0	0	0	1
5230	0	0	0	1
5232	0	1	0	1
5238	0	2	0	1
5242	0	1	0	0
5244	0	1	0	0
5241	0	2	0	0
5243	0	11	0	8
5250	0	5	0	9
5247	0	2	0	0
5248	0	2	0	0
5249	0	1	0	0
5252	0	0	0	1
5251	0	1	0	0
5261	0	2	0	0
4407	0	1	0	0
5265	0	1	0	0
5275	0	2	0	0
5276	0	7	0	2
5277	0	1	0	0
5278	0	1	0	0
5280	0	1	0	0
5281	0	1	0	0
5282	0	4	0	0
5283	0	2	0	0
5287	0	0	0	1
5284	0	2	0	0
5286	0	6	0	4
5290	0	1	0	0
5291	0	1	0	0
5294	0	1	0	0
5299	0	1	0	0
5300	0	1	0	0
5313	0	11	0	1
5314	0	1	0	0
5315	0	1	0	0
5316	0	22	0	2
5317	0	10	0	8
5320	0	6	0	5
5322	0	1	0	0
5324	0	12	0	4
5264	0	2	0	5
5328	0	1	0	0
5329	0	0	0	2
5330	0	0	0	1
5333	0	2	0	1
5332	0	6	0	0
5334	0	3	0	4
5336	0	2	0	1
5339	0	3	0	7
5337	0	1	0	0
5342	0	22	0	8
5343	0	1	0	1
5344	0	2	0	1
5345	0	0	0	1
5346	0	0	0	1
5347	0	1	0	1
5348	0	0	0	1
5352	0	2	0	1
5353	0	1	0	0
5355	0	0	0	1
4591	0	2	0	0
5356	0	1	0	0
5357	0	1	0	0
5358	0	1	0	0
5360	0	9	0	6
5361	0	3	0	3
5365	0	1	0	0
5366	0	2	0	0
5367	0	1	0	0
5370	0	1	0	0
5371	0	1	0	0
5372	0	1	0	0
5373	0	1	0	0
5374	0	1	0	0
5376	0	1	0	0
5377	0	1	0	0
5380	0	2	0	0
5381	0	3	0	1
5382	0	19	0	0
5385	0	1	0	0
5386	0	3	0	0
5390	0	2	0	0
5391	0	13	0	24
5395	0	1	0	0
5397	0	1	0	0
5398	0	2	0	0
5405	0	3	0	1
5399	0	8	0	0
5400	0	4	0	0
5401	0	3	0	0
5413	0	1	0	0
5414	1	0	0	0
5416	0	1	0	0
5418	0	1	0	0
5424	0	0	0	2
5419	0	8	0	1
5422	0	1	0	0
5427	0	34	0	3
5428	0	3	0	0
5429	0	1	0	0
5431	0	1	0	0
5435	0	0	0	1
5436	0	1	0	0
5438	0	1	0	0
5440	0	1	0	1
7359	0	0	7	0
5643	3	0	10	0
5446	0	21	0	5
5447	0	1	0	1
5448	0	2	0	1
5456	0	1	0	1
5455	0	7	0	1
5460	0	1	0	0
5461	0	1	0	0
5462	0	7	0	12
5468	0	7	0	3
5472	0	15	0	1
5473	0	1	0	0
5474	0	6	0	2
5475	0	1	0	1
5476	0	1	0	0
5477	0	1	0	0
5478	0	9	0	0
5480	0	1	0	2
5483	0	1	0	0
5485	0	12	0	9
5486	0	1	0	0
5488	0	1	0	0
5489	0	10	0	2
5490	0	1	0	0
5491	0	1	0	0
5494	0	1	0	0
5495	0	4	0	0
5496	0	0	0	1
5497	0	0	0	1
5501	0	1	0	2
5504	0	2	0	0
5505	0	1	0	0
8043	0	0	5	0
5507	0	1	0	0
5508	0	1	0	0
5510	0	1	0	0
5512	0	1	0	1
5515	0	6	0	1
5516	0	2	0	0
5517	0	1	0	0
5518	0	1	0	0
5519	0	1	0	0
5520	0	2	0	0
5521	0	3	0	0
5522	0	1	0	0
5523	0	1	0	0
7740	3	1	7	0
5525	0	1	0	0
5526	0	6	0	0
5530	0	0	0	1
5531	0	214	0	25
5528	0	3	0	3
5532	0	16	0	10
5534	0	11	0	3
5535	0	1	0	0
5536	0	2	0	1
5537	0	1	0	0
5193	0	15	0	3
5540	0	3	0	0
5541	0	0	0	1
5542	0	1	0	0
5544	0	3	0	1
5548	0	1	0	0
5549	0	5	0	4
5550	0	11	0	0
5551	0	8	0	0
5554	0	0	0	1
5552	0	8	0	0
5553	0	36	0	10
5555	0	0	0	1
5558	0	2	0	1
5561	0	1	0	0
5562	0	3	0	10
5565	0	3	0	0
5566	0	1	0	0
5567	0	1	0	0
5571	0	1	0	0
5572	0	1	0	0
5573	0	0	0	1
5577	0	0	0	8
5576	0	1	0	0
5578	0	1	0	0
5579	0	2	0	0
5580	0	1	0	1
5581	0	2	0	0
5583	0	2	0	0
5587	0	0	0	1
5589	0	10	0	1
5591	0	21	0	6
5594	0	1	0	0
5595	0	1	0	0
5598	0	1	0	0
5599	0	1	0	0
5600	0	5	0	3
5601	0	0	0	2
5602	0	0	0	1
5603	0	1	0	2
5604	0	5	0	2
5606	0	23	0	5
5607	0	1	0	0
5608	0	14	0	2
5612	0	38	0	28
5609	0	1	0	0
5610	0	2	0	0
5611	0	1	0	0
5613	0	0	0	1
5615	0	1	0	2
5616	0	11	0	4
5617	0	7	0	15
5622	0	0	0	2
5396	0	9	0	3
5627	0	1	0	2
5782	0	0	1	0
5625	0	1	0	0
5628	0	0	0	1
5629	0	0	0	1
5633	0	1	0	0
5636	0	0	0	1
5644	0	12	0	8
5645	0	1	0	0
5646	0	1	0	1
5647	0	3	0	5
5648	0	1	0	0
5649	0	0	0	2
5652	0	0	0	1
5653	0	0	0	1
7534	0	0	2	0
5656	0	2	0	3
5657	0	2	0	0
5658	0	10	0	0
5659	0	1	0	0
5660	0	2	0	0
5661	0	1	0	2
5662	0	3	0	1
5668	0	1	0	3
5666	0	4	0	1
4767	0	10	0	4
5667	0	4	0	1
5669	0	0	0	1
5670	0	0	0	2
5674	0	1	0	0
5675	0	8	0	0
5676	0	0	0	1
5678	0	1	0	0
5679	1	0	0	0
5682	0	0	0	1
5686	0	1	0	2
5685	0	0	0	1
5687	0	0	0	1
5688	0	0	0	1
5689	0	1	0	0
5690	0	1	0	0
5691	0	49	0	0
5692	0	18	0	3
5695	0	1	0	0
5698	0	0	0	1
5696	0	49	0	1
5701	1	1	0	0
5702	0	10	0	0
5703	0	1	0	0
5704	0	2	0	2
5708	0	7	0	0
5707	0	4	0	0
5710	0	1	0	0
5711	0	1	0	0
5712	0	1	0	0
5717	0	1	0	0
5718	0	1	0	0
5720	0	3	0	0
5722	0	2	0	1
5729	0	1	0	0
5730	0	1	0	0
5731	0	2	0	0
5733	0	1	0	0
5735	0	0	0	1
5741	0	9	0	4
4418	0	0	0	1
5744	0	0	0	1
5746	0	1	0	0
5750	0	1	0	3
5747	0	2	0	0
5748	0	1	0	0
5749	0	2	0	0
5751	0	1	0	0
5752	0	1	0	0
5755	0	1	0	0
5761	0	8	0	1
5763	0	4	0	0
5764	0	1	0	0
5765	0	1	0	0
5766	0	1	0	0
5767	1	0	0	0
5768	0	11	0	2
5769	0	4	0	0
5770	0	5	0	1
5771	0	3	0	6
5774	0	1	0	0
5781	0	1	0	0
5783	0	15	0	8
5785	0	2	0	0
5786	0	1	0	0
5787	0	29	0	3
5788	0	4	0	1
5789	0	1	0	0
5794	0	1	0	0
5796	0	163	0	26
5797	0	3	0	0
7583	0	0	4	0
8271	0	1	2	0
5803	0	2	0	0
6756	0	0	1	0
7533	0	0	5	0
5805	0	10	0	6
5808	0	6	0	0
5810	0	26	0	3
5813	0	2	0	0
6987	0	0	1	0
7508	0	0	4	0
5815	0	4	0	1
6871	0	0	1	0
5816	0	50	0	34
5820	0	19	0	1
5821	0	18	0	4
7690	0	0	1	0
5823	0	12	0	0
5833	0	1	0	0
5834	0	6	0	0
5836	0	8	0	3
5842	0	0	0	1
5840	0	1	0	0
5841	0	1	0	0
5846	0	2	0	1
5852	0	1	0	0
5853	0	1	0	0
5854	0	1	0	0
5855	0	8	0	0
5856	0	1	0	0
5857	0	61	0	31
5859	0	7	0	9
5861	0	2	0	0
5862	0	23	0	1
5864	0	1	0	0
5866	0	1	0	0
5868	0	3	0	0
5873	0	5	0	1
5874	0	1	0	0
5875	0	1	0	0
5876	0	1	0	0
5877	0	7	0	0
5878	0	1	0	0
5883	0	2	0	0
5884	0	2	0	0
5885	0	2	0	1
5888	0	1	0	0
5889	0	1	0	0
5890	0	4	0	1
5590	0	4	0	1
5892	0	0	0	2
5895	0	0	0	1
5896	0	3	0	7
5899	0	2	0	0
5903	0	1	0	0
5907	0	1	0	0
5911	0	0	0	2
5908	0	3	0	16
5909	0	2	0	0
5913	0	5	0	0
5915	0	39	0	13
5916	0	4	0	5
5914	0	2	0	0
5917	0	0	0	1
5919	0	1	0	1
5920	0	9	0	1
5921	0	2	0	2
5923	0	2	0	1
5924	0	1	0	0
5927	0	8	0	2
5930	0	1	0	2
5934	0	32	0	10
5935	0	6	0	5
5937	0	1	0	0
5938	0	2	0	0
5942	0	0	0	4
5939	0	2	0	1
5940	0	12	0	1
5941	0	1	0	0
5944	0	1	0	0
5945	0	5	0	4
5946	0	3	0	1
5952	0	14	0	0
5962	0	0	0	2
5964	0	0	0	1
5958	0	3	0	0
5966	0	4	0	3
5959	0	1	0	0
5960	0	3	0	1
5093	0	1	0	0
5961	0	9	0	2
5970	0	0	0	1
5971	0	0	1	0
5981	0	6	0	0
5982	0	3	0	1
5983	0	1	0	0
5984	0	3	0	7
5985	0	1	0	0
5986	0	1	0	0
5987	0	1	0	0
5988	0	4	0	0
5989	0	1	0	0
5990	0	1	0	0
5992	0	1	0	0
5993	0	2	0	1
5997	0	1	0	1
6791	0	0	1	0
6002	0	0	0	1
6025	0	0	1	0
5967	0	1	0	0
5999	0	15	0	4
8276	2	0	7	0
6005	0	0	0	1
6003	0	1	0	0
6641	0	0	2	0
6007	0	3	0	3
6013	0	3	0	0
4409	0	6	0	1
6014	0	1	0	0
6015	0	3	0	0
6016	0	10	0	0
6017	0	2	0	0
6018	0	1	0	0
6019	0	1	0	0
6020	0	23	0	2
6024	0	7	0	10
6022	0	1	0	0
6026	0	1	0	2
6028	0	1	0	0
6030	0	1	0	0
6031	0	2	0	0
5978	0	1	0	0
6033	0	1	0	0
6034	0	1	0	0
6036	0	0	0	1
6037	0	0	0	1
6035	0	1	0	0
6038	0	6	0	0
6039	0	1	0	0
6042	0	1	0	0
6045	0	3	0	4
6046	0	2	0	0
6048	0	1	0	0
6049	0	1	0	2
6050	0	1	0	0
6051	0	1	0	0
6052	0	1	0	0
6053	0	1	0	0
6056	0	1	0	0
6057	0	1	0	0
6058	0	1	0	0
6060	0	1	0	0
6061	0	1	0	0
6062	0	2	0	0
6063	0	1	0	0
6064	0	4	0	0
6066	0	1	0	0
6070	0	2	0	1
6071	0	1	0	2
6072	0	43	0	10
6067	0	1	0	0
6068	0	30	0	2
6069	0	3	0	2
6073	0	1	0	0
6074	0	1	0	0
6075	0	16	0	2
6077	0	1	0	0
6079	0	0	0	1
6081	0	3	0	0
6082	0	4	0	14
6089	0	0	0	1
6090	0	0	1	0
6091	0	1	0	0
6092	0	1	0	0
6093	0	5	0	0
6100	0	1	0	0
6101	1	0	0	0
6108	0	4	0	0
6116	0	1	0	1
6112	0	1	0	0
6113	0	1	0	0
6114	0	2	0	0
6118	0	2	0	0
6119	0	3	0	0
6120	0	1	0	0
6121	0	2	0	0
6126	0	11	0	0
6129	0	0	0	1
6128	0	2	0	0
6127	0	1	0	2
6133	0	4	0	0
6134	0	6	0	1
6135	0	1	0	1
6141	0	1	0	0
6142	0	1	0	0
6143	0	1	0	0
6144	0	1	0	0
6145	0	1	0	0
6146	0	8	0	1
6147	0	1	0	0
6150	0	1	0	0
6152	0	1	0	0
6153	0	1	0	0
6155	0	1	0	0
6158	0	0	0	1
6157	0	2	0	1
6160	0	1	0	2
6165	0	2	0	2
6168	0	1	0	0
6169	0	3	0	0
6175	0	1	0	0
6176	0	2	0	1
6177	0	2	0	0
6178	0	1	0	0
6179	0	7	0	0
6180	0	3	0	0
6196	0	0	0	2
6197	0	1	0	1
6181	0	1	0	0
6182	0	3	0	0
6183	0	1	0	0
6184	0	2	0	0
6185	0	1	0	0
6186	0	1	0	0
6187	0	1	0	0
6188	0	1	0	0
6199	0	0	0	1
6200	0	3	0	3
6201	0	1	0	1
6202	0	1	0	2
6203	0	0	0	1
6204	0	4	0	8
6190	0	2	0	1
6205	0	0	0	1
6206	0	0	0	1
6207	0	1	0	3
6191	0	1	0	0
6192	0	2	0	0
6208	0	2	0	1
6193	0	1	0	0
6212	0	3	0	0
6213	0	3	0	0
6214	0	1	0	0
6215	0	1	0	0
6216	0	5	0	0
6217	0	28	0	3
6219	0	3	0	1
6220	0	13	0	5
6224	0	0	0	1
6222	0	1	0	0
6223	0	12	0	5
6230	0	0	0	2
6228	0	1	0	0
6232	0	3	0	0
6236	0	1	0	0
6239	0	3	0	2
6240	0	1	0	0
7590	0	0	3	0
6242	0	4	0	1
6244	0	0	0	1
6245	0	1	0	7
6247	0	1	0	0
6248	0	10	0	0
6252	0	1	0	1
6253	0	1	0	0
6254	0	1	0	0
6258	0	0	0	1
6259	0	0	1	0
6263	0	4	0	0
6264	0	1	0	0
6265	0	1	0	0
6266	0	1	0	0
6267	1	0	0	0
6271	0	8	0	3
6273	0	1	0	0
6274	0	6	0	3
6275	0	0	0	1
6276	0	0	0	1
6282	0	0	0	1
5910	0	0	0	1
6281	0	1	0	0
6286	0	3	0	0
6287	0	1	0	0
6288	0	1	0	0
6298	0	4	0	3
6291	0	1	0	0
6292	0	1	0	0
6293	0	1	0	0
6294	0	1	0	0
6297	0	0	0	1
6295	0	1	0	2
6301	0	0	0	1
6304	0	1	0	0
6312	0	3	0	0
6317	0	3	0	2
6313	0	1	0	1
6314	0	9	0	1
6315	0	0	0	1
6319	0	0	0	2
6132	0	1	0	1
6324	0	6	0	0
6325	0	5	0	0
7215	0	0	3	0
6326	0	2	0	0
6331	0	3	0	0
6332	0	1	0	0
6333	0	2	0	0
6339	0	2	0	1
6346	0	13	0	4
6348	0	1	0	0
6349	0	1	0	0
6351	0	0	0	1
6350	0	1	0	0
4406	0	1	0	0
5995	0	1	0	1
6355	0	1	0	0
6356	0	2	0	0
6359	0	70	0	11
6366	0	1	0	0
6371	0	1	0	0
6374	0	1	0	0
6375	0	1	0	0
6377	0	17	0	0
6378	0	1	0	1
6379	0	1	0	0
6380	0	4	0	0
6381	0	2	0	1
6383	0	3	0	0
6387	0	1	0	0
5965	0	3	0	0
6389	0	0	0	1
6391	0	1	0	0
6392	0	1	0	0
6393	0	1	0	0
6394	0	6	0	2
6399	0	0	0	1
6395	0	1	0	0
6396	0	1	0	0
6397	0	1	0	0
6398	0	15	0	14
6401	1	1	0	0
6406	0	1	0	1
6408	0	1	0	2
6410	0	1	0	0
6411	0	1	0	0
6412	0	0	0	1
6413	0	0	0	1
6415	0	3	0	1
6416	0	2	0	0
6423	0	1	0	0
6426	0	0	0	1
6429	0	0	0	1
6428	0	3	0	0
6430	0	1	0	0
6431	0	1	0	0
6436	0	0	0	3
6439	0	1	0	0
6440	0	1	0	2
6443	0	48	0	21
6444	0	1	0	0
6448	0	0	0	1
6445	0	7	0	0
850	0	4	0	0
6446	0	1	0	0
6450	0	1	0	0
6451	0	1	0	0
6452	0	1	0	1
6460	0	56	0	2
7765	1	0	1	0
6453	0	1	0	0
6454	0	1	0	0
6455	0	1	0	0
6456	0	3	0	0
6457	0	1	0	1
6459	0	2	0	0
6461	0	5	0	1
6466	0	1	0	0
6467	0	8	0	0
6468	0	1	0	0
6469	0	2	0	0
6470	0	1	0	0
6471	0	1	0	4
6477	0	1	0	0
6479	0	12	0	1
6478	0	1	0	0
6480	0	1	0	0
6483	0	18	0	10
6484	0	10	0	0
6485	0	1	0	0
6486	0	56	0	29
6487	0	3	0	1
6488	0	19	0	3
6489	0	2	0	0
6490	0	2	0	0
6492	0	2	0	0
6493	0	1	0	0
6494	0	69	0	31
8025	2	0	2	0
6495	0	1	0	1
6497	0	1	0	0
6500	0	5	0	3
6502	0	12	0	0
6504	0	7	0	0
6506	0	1	0	0
6507	0	1	0	0
6508	0	1	0	0
6509	0	1	0	0
6510	0	49	0	4
6513	0	1	0	0
6514	0	1	0	0
6515	0	1	0	0
6516	0	1	0	0
6517	0	2	0	0
6518	0	30	0	3
6519	0	1	0	0
6520	0	2	0	0
6521	0	1	0	0
6522	0	21	0	8
6524	0	6	0	2
6525	0	12	0	5
6526	0	6	0	5
6527	0	1	0	0
6533	0	1	0	0
6534	0	1	0	0
6537	0	1	0	4
6535	0	1	0	0
6538	0	7	0	14
6539	0	0	0	1
6536	0	2	0	0
6541	0	1	0	0
6542	0	0	0	1
6544	0	1	0	0
6545	0	5	0	0
6546	0	2	0	0
6547	0	1	0	0
6548	0	8	0	2
6551	0	1	0	1
6550	0	3	0	6
6561	0	3	0	0
6565	0	0	0	1
6572	0	1	0	0
6573	0	1	0	0
6574	0	1	0	0
6575	0	1	0	0
6563	0	53	0	5
7840	0	0	4	0
6577	0	10	0	0
6578	0	1	0	0
6579	0	1	0	0
6580	0	1	0	0
6586	0	0	0	1
6581	0	1	0	0
6582	0	1	0	0
6583	0	1	0	0
6587	0	0	0	1
6584	0	1	0	0
6588	0	0	0	1
6585	0	1	0	0
6598	0	6	0	0
6601	0	1	0	0
6602	0	1	0	0
6603	0	1	0	0
6604	0	1	0	0
6605	0	9	0	1
6607	0	3	0	1
6608	0	15	0	3
6612	0	5	0	2
6619	0	77	0	27
6620	0	90	0	3
6614	0	2	0	0
6615	0	116	0	44
6616	0	5	0	13
6617	0	1	0	0
6622	0	1	0	4
6623	0	0	1	0
6625	0	2	0	1
6627	0	12	0	38
6626	0	8	0	1
6630	0	1	0	0
5943	0	0	0	1
6636	0	0	0	2
6633	0	1	0	0
6635	0	9	0	0
6639	0	0	0	1
6643	0	1	0	1
6644	0	1	0	0
6645	0	2	0	0
6646	0	3	0	1
6647	0	1	0	0
6655	0	3	0	4
6648	0	1	0	2
6649	0	23	0	3
6650	0	1	0	0
6651	0	1	0	0
6652	0	1	0	0
6653	0	1	0	0
6654	0	1	0	0
6656	0	1	0	0
6983	0	0	1	0
6657	0	9	0	2
6658	0	5	0	0
6609	0	2	0	5
6660	0	0	0	1
6666	0	4	0	2
6671	0	4	0	0
6672	0	1	0	0
6673	0	1	0	0
6674	0	1	0	0
6675	0	1	0	0
6676	0	5	0	1
6677	0	1	0	0
6678	0	1	0	0
6679	0	1	0	0
6683	0	0	0	3
6684	0	0	0	1
6687	0	1	0	0
6688	0	0	0	1
6689	0	0	0	1
6690	0	0	0	1
6695	0	1	0	1
6696	0	0	0	2
6697	0	1	0	0
6698	0	1	0	0
6701	0	1	0	0
6702	0	10	0	0
6703	0	0	0	1
6705	0	1	0	0
6706	0	0	0	3
6710	0	2	0	0
6711	0	7	0	0
6713	0	4	0	0
6718	0	1	0	0
6717	0	3	0	1
6719	0	3	0	0
6727	0	1	0	0
6728	0	1	0	0
6729	0	1	0	0
6730	0	1	0	0
6731	0	1	0	0
6732	0	1	0	0
6734	0	2	0	0
6735	0	1	0	0
6738	0	0	0	1
6744	0	1	0	1
6745	0	0	0	1
6746	0	1	0	1
6747	0	3	0	1
6749	0	1	0	0
6751	0	0	0	2
6757	0	0	1	0
6726	0	5	0	7
6752	0	1	0	0
6753	0	4	0	0
6758	0	9	0	1
6760	0	0	0	2
6761	0	0	0	1
6764	0	1	0	0
6766	0	16	0	6
6767	0	2	0	0
6768	0	1	0	0
6771	0	2	0	0
8021	0	1	2	0
6775	0	1	0	2
6773	0	1	0	0
6776	0	0	0	3
6779	0	3	0	0
6781	0	5	0	3
6782	0	1	0	0
6787	0	1	0	0
6793	0	1	0	0
6794	0	1	0	0
6795	0	2	0	0
6797	0	1	0	0
6798	0	1	0	0
6800	0	1	0	0
6801	0	5	0	1
6802	0	1	0	2
6804	0	5	0	1
6808	0	0	0	1
6807	0	1	0	0
6810	0	1	0	0
6812	0	1	0	1
6811	0	1	0	0
6815	0	3	0	1
6816	0	0	0	1
6818	0	2	0	0
6819	0	1	0	0
5269	0	1	0	0
6821	0	1	0	0
6822	0	2	0	0
6824	0	0	0	1
6828	0	1	0	0
6829	0	4	0	0
6834	0	2	0	0
6835	0	1	0	0
6836	0	1	0	0
6837	0	1	0	0
6841	0	2	0	0
6842	0	1	0	0
6843	0	1	0	0
6844	0	1	0	0
6845	0	2	0	0
6846	0	6	0	0
6848	0	6	0	8
6847	0	1	0	0
6852	0	1	0	0
6854	0	1	0	0
6859	0	9	0	2
6861	0	1	0	1
6862	0	1	0	0
6863	0	2	0	0
6864	0	2	0	0
6865	0	16	0	3
6866	0	4	0	0
6867	0	4	0	1
6870	0	3	0	0
6876	0	1	0	0
6877	0	1	0	0
6878	0	1	0	0
6880	0	1	0	1
6881	0	0	0	1
6883	0	4	0	0
6884	0	1	0	0
6885	0	13	0	6
6886	0	6	0	1
5410	0	1	0	0
6895	0	6	0	0
6896	0	3	0	1
6899	0	2	0	0
6900	0	26	0	5
6902	0	19	0	8
6903	0	0	0	1
6905	0	1	0	0
6915	0	1	0	1
6906	0	49	0	0
6908	0	1	0	0
6909	0	1	0	0
2415	0	0	0	4
6910	0	1	0	0
6916	0	29	0	24
6911	0	2	0	3
6912	0	3	0	0
6921	0	1	0	0
6922	0	1	0	0
6926	0	1	0	0
6927	0	1	0	0
6928	0	0	0	1
6929	0	1	0	0
6935	0	2	0	0
6936	0	1	0	0
6940	0	0	0	1
6941	0	35	0	22
6943	0	1	0	0
7636	0	0	1	0
7881	0	0	2	0
7991	0	0	2	0
8007	0	0	5	0
6949	0	5	0	0
6947	0	0	0	1
6954	0	2	0	1
6958	0	1	0	1
6959	0	5	0	0
6692	0	6	0	0
6960	0	1	0	0
6961	0	2	0	0
6962	0	1	0	0
6963	0	1	0	0
6968	0	0	0	1
6969	0	0	0	1
6316	0	14	0	5
6971	0	5	0	1
6972	0	1	0	0
6974	0	2	0	0
6975	0	7	0	3
6978	0	0	0	1
6981	0	0	0	1
6984	0	4	0	3
6985	0	0	0	1
6986	0	1	0	0
6990	0	1	0	0
6991	0	18	0	0
6995	0	1	0	0
6996	0	1	0	0
6998	0	1	0	0
6999	0	1	0	0
7000	0	1	0	0
7001	0	1	0	0
7002	0	1	0	1
7003	0	1	0	0
7004	0	1	0	0
7006	0	1	0	0
7007	0	1	0	0
7030	0	2	0	0
7008	0	1	0	0
7009	0	1	0	0
7010	0	1	0	0
7011	0	2	0	1
7013	0	1	0	0
7014	0	2	0	0
7015	0	1	0	0
7016	0	1	0	0
7017	0	1	0	0
7018	0	1	0	0
7019	0	4	0	0
7020	0	3	0	0
7022	0	1	0	0
7024	0	3	0	0
7025	0	1	0	0
7026	0	11	0	2
7027	0	1	0	0
7028	0	1	0	0
7029	0	2	0	0
7031	0	1	0	0
7033	1	0	1	0
7032	0	0	0	1
7035	0	2	0	0
7036	0	2	0	0
7037	0	1	0	0
7041	0	1	0	0
7043	0	9	0	5
7044	0	3	0	0
7051	0	0	0	1
7045	0	36	0	0
7053	0	18	0	13
7046	0	19	0	2
7055	0	94	0	4
7048	0	1	0	0
7056	0	29	0	8
7049	0	27	0	0
7057	0	98	0	20
7061	0	3	0	0
7064	0	1	0	2
7065	0	0	0	1
7038	0	4	0	3
7072	0	0	0	1
7070	0	2	0	0
7071	0	4	0	0
7079	0	1	0	0
7080	0	56	0	12
7797	0	0	1	0
7082	0	1	0	0
7085	0	1	0	0
7087	0	0	0	2
7086	0	110	0	13
7084	0	1	0	0
7089	0	1	0	1
7090	0	6	0	5
5015	0	9	0	5
7096	0	1	0	4
7095	0	1	0	0
7098	0	1	0	0
7099	0	15	0	3
7100	0	15	0	0
7103	0	1	0	0
7104	0	15	0	0
7106	0	4	0	0
7107	0	0	0	2
7109	0	2	0	0
7111	0	1	0	0
7112	0	1	0	0
7113	0	8	0	4
7114	0	1	0	0
7118	0	0	0	1
7117	0	2	0	5
7121	0	6	0	1
7123	0	0	0	1
7122	0	1	0	0
7124	0	1	0	0
7125	0	1	0	0
7127	0	2	0	0
7128	0	2	0	0
7129	0	6	0	5
7136	0	0	0	2
7130	0	2	0	0
7137	0	0	0	1
7126	0	2	0	1
7132	0	21	0	9
7133	0	1	0	0
7138	0	1	0	1
7134	0	3	0	0
7139	0	2	0	1
7140	0	0	0	1
7135	0	1	0	0
7142	0	4	0	0
7145	0	1	0	0
7151	0	0	0	1
7153	0	7	0	5
7154	0	1	0	0
7155	0	1	0	0
7156	0	1	0	0
7157	0	1	0	0
7160	0	0	0	1
7158	0	1	0	0
7159	0	1	0	0
7163	0	0	0	2
7164	0	1	0	3
7171	0	6	0	3
7165	0	1	0	2
7166	0	1	0	0
7167	0	0	0	1
7172	0	2	0	0
7173	0	2	0	0
7174	0	1	0	0
7175	0	1	0	1
7178	0	1	0	1
7179	0	1	0	1
7176	0	3	0	1
7177	0	1	0	0
7181	0	2	0	0
7183	0	6	0	3
7184	0	1	0	1
7187	0	1	0	0
7188	0	12	0	2
7189	0	3	0	0
7190	0	0	0	1
7191	0	0	1	0
7192	0	1	0	0
7193	0	1	0	0
6889	0	4	0	1
7194	0	0	0	1
7195	0	0	1	0
7197	0	1	0	0
7198	0	5	0	3
7203	0	1	0	0
7205	0	1	0	0
7206	0	1	0	0
7210	0	1	0	0
7211	0	1	0	0
7212	0	1	0	0
7217	0	1	0	0
7218	0	1	0	0
7220	0	1	0	0
7221	0	0	0	1
7223	0	1	0	0
7226	0	3	0	1
7227	0	9	0	3
7228	0	4	0	3
7229	0	5	0	2
7230	0	4	0	0
7506	0	0	1	0
7231	0	87	0	14
7232	0	1	0	0
7234	0	1	0	0
7235	0	1	0	0
7236	0	16	0	7
7239	0	21	0	0
7240	0	1	0	0
7241	0	18	0	3
7245	0	1	0	0
7251	0	1	0	0
7252	0	1	0	0
7253	0	3	0	1
7255	0	1	0	0
7260	0	1	0	2
7265	0	1	0	0
7266	0	6	0	0
7267	0	1	0	0
7268	0	1	0	0
7269	0	1	0	0
7270	0	4	0	1
7271	0	2	0	1
7276	0	5	0	0
7278	0	3	0	1
7281	0	12	0	0
7282	0	2	0	0
7283	0	1	0	0
7284	0	2	0	0
7285	0	1	0	0
7286	0	1	0	0
7287	0	1	0	0
7291	0	0	0	1
7293	0	4	0	0
5949	0	3	0	0
7296	0	0	0	1
7298	0	1	0	1
7299	0	1	0	0
7300	0	1	0	0
7302	0	2	0	0
7305	0	1	0	0
7309	0	0	0	1
7310	0	0	0	1
7317	0	4	0	11
7320	0	0	0	1
7294	0	36	0	3
7326	0	1	0	0
7327	0	6	0	0
7332	0	1	0	0
7329	0	2	0	0
7333	0	0	0	1
7330	0	2	0	0
7335	0	13	0	2
7336	0	1	0	0
7337	0	1	0	0
7342	0	1	0	0
7345	0	0	0	1
7343	0	10	0	2
7344	0	3	0	0
7347	0	1	0	0
7348	0	2	0	0
7349	0	1	0	0
7350	0	20	0	1
7352	0	11	0	4
7353	0	1	0	0
7354	0	3	0	1
7355	0	1	0	0
7360	0	1	0	0
7363	0	1	0	0
7371	0	2	0	0
7374	0	1	0	0
7377	0	0	0	1
7379	0	7	0	0
7380	0	3	0	0
7357	0	5	0	4
7199	0	1	0	1
7382	0	1	0	0
7383	0	1	0	1
7390	0	18	0	6
7392	0	1	0	0
7321	0	3	0	0
7394	0	2	0	3
7170	0	1	0	0
7401	0	3	0	0
7402	0	5	0	0
7403	0	1	0	0
7404	0	1	0	0
7405	0	17	0	1
7409	0	10	0	0
7413	0	1	0	1
7416	0	1	0	0
7417	0	2	0	0
7418	0	2	0	0
7419	0	1	0	0
7420	0	1	0	0
7421	0	9	0	0
7424	0	4	0	0
7425	0	7	0	0
7426	0	1	0	1
7427	0	0	0	1
7428	0	0	0	2
7429	0	0	0	1
7430	0	0	0	1
7431	0	0	0	1
7441	0	3	0	0
7444	0	3	0	0
6139	0	1	0	0
7448	0	0	0	1
7445	0	1	0	0
7446	0	1	0	0
7447	0	1	0	0
7451	0	1	0	0
7452	0	2	0	1
7453	0	1	0	0
7180	0	2	0	2
7454	0	1	0	0
7455	0	3	0	1
7456	0	1	0	0
7457	0	1	0	0
7458	0	1	0	0
7459	0	1	0	0
7461	0	1	0	0
7462	0	1	0	0
7465	0	0	0	1
7467	0	0	2	0
7466	0	0	0	1
7473	0	0	0	1
7474	0	0	0	1
7468	0	1	0	0
7469	0	1	0	0
7476	0	1	0	1
7477	0	0	0	1
7470	0	1	0	0
4532	0	6	0	2
7480	0	1	0	0
7481	0	1	0	0
7482	0	1	0	0
7483	0	1	0	0
7484	0	3	0	0
7485	0	1	0	0
7486	0	1	0	0
7487	0	1	0	0
7492	0	3	0	0
7494	0	1	0	0
7495	1	0	0	0
7501	0	1	0	0
7502	0	3	0	0
7503	0	1	0	0
7505	0	1	0	0
7509	0	1	0	0
7471	0	9	0	0
7511	0	14	0	2
7514	0	1	0	2
7515	0	0	0	1
7513	0	1	0	0
7518	0	1	0	2
7376	0	4	0	0
7522	0	1	0	0
7523	0	1	0	0
7524	0	1	0	0
7525	0	1	0	0
7527	0	1	0	0
7528	0	1	0	0
7531	0	1	0	0
7538	0	0	0	1
7540	0	0	0	1
7535	0	1	0	0
7536	0	1	0	0
7537	0	1	0	0
7549	0	0	0	2
7545	0	1	0	0
7546	0	2	0	1
7550	0	0	0	1
7554	0	2	0	1
7563	0	1	0	0
7564	0	30	0	1
7415	0	4	0	2
7150	0	10	0	0
7565	0	1	0	2
7569	0	3	0	1
7570	0	3	0	0
7571	0	0	0	1
7572	0	0	0	1
7576	0	0	0	1
7577	0	0	0	1
7578	0	24	0	4
8165	0	0	1	0
7579	0	5	0	4
7580	0	7	0	12
7581	0	0	0	1
7585	0	1	0	0
7586	0	6	0	1
7594	0	3	0	1
7595	0	1	0	0
7597	0	3	0	1
7598	0	26	0	7
7601	0	2	0	1
7599	0	0	0	1
7600	0	0	0	1
7602	0	0	0	1
7605	0	1	0	2
7608	0	2	0	0
7610	0	1	0	0
7611	0	0	0	1
7613	0	0	0	1
7609	0	2	0	0
7614	0	37	0	2
7615	0	1	0	0
7616	0	1	0	0
7617	0	1	0	0
7619	0	0	0	1
7621	1	1	0	0
7623	0	2	0	1
7625	0	5	0	1
7626	0	1	0	0
7630	0	0	0	1
7629	0	1	0	0
7639	0	0	0	1
7638	0	0	0	1
7644	0	1	0	0
7645	0	1	0	0
7659	0	6	0	0
7660	0	1	0	0
7650	0	2	0	0
7661	0	4	0	0
7663	0	1	0	0
7664	0	1	0	0
7665	0	5	0	1
7670	0	1	0	0
7676	0	5	0	0
7677	0	8	0	4
7678	0	2	0	0
7679	0	21	0	5
7682	0	15	0	21
7684	0	2	0	0
7685	0	13	0	0
7687	0	0	0	3
7686	0	1	0	1
7696	0	3	0	1
7697	0	12	0	7
7698	0	1	0	0
7703	0	1	0	1
7704	0	1	0	0
7705	0	1	0	0
7706	0	2	0	0
7715	0	1	0	0
7716	0	2	0	0
7719	0	3	0	1
6367	0	2	0	0
7717	0	2	0	0
7720	0	0	0	1
7721	0	1	0	0
7724	0	0	0	2
7728	0	1	0	1
7727	0	26	0	4
7729	0	0	0	1
7732	0	0	0	1
7733	0	42	0	3
7736	0	2	0	0
7737	0	1	0	0
7738	0	2	0	4
7741	0	4	0	0
7742	0	1	0	0
7743	0	10	0	3
7744	0	49	0	1
7745	0	1	0	0
7747	0	5	0	3
7750	0	1	0	1
7751	0	1	0	0
7752	0	2	0	0
7753	0	2	0	0
7754	0	1	0	0
7755	0	10	0	3
7756	0	2	0	0
7758	0	1	0	0
7759	0	4	0	0
7760	0	1	0	0
7761	0	1	0	0
7762	0	1	0	0
7766	0	13	0	0
7767	0	2	0	0
7768	0	10	0	1
7769	0	19	0	0
7770	0	2	0	0
7771	0	2	0	1
7772	0	15	0	5
7773	0	1	0	0
7774	0	30	0	5
7775	0	11	0	0
7777	0	1	0	0
7779	0	2	0	0
7780	0	3	0	0
7781	0	1	0	0
7782	0	1	0	0
7783	0	1	0	0
7789	0	1	0	0
7790	0	2	0	2
7792	0	7	0	0
7796	0	0	0	1
7800	0	1	0	0
7804	0	0	0	1
7801	0	1	0	0
7805	0	0	0	1
7802	0	1	0	0
7806	0	2	0	0
7808	0	12	0	0
7812	0	4	0	2
7814	0	1	0	0
7815	0	0	0	2
7818	0	15	0	8
7821	0	1	0	0
7822	0	1	0	0
7826	0	1	0	0
7827	0	0	0	1
7828	0	0	0	1
7829	0	3	0	1
7830	0	1	0	0
7831	0	1	0	1
7832	0	1	0	0
7834	0	1	0	0
7836	0	0	0	1
7837	0	2	0	0
7841	0	1	0	0
7842	0	2	0	0
7843	0	2	0	0
7844	0	1	0	0
7845	0	2	0	0
7848	0	0	0	1
7849	0	1	0	0
7852	0	0	0	1
7850	0	1	0	0
7851	0	1	0	0
6638	0	1	0	0
7853	0	2	0	0
7854	0	1	0	0
7856	0	7	0	0
7861	0	1	0	1
7863	0	1	0	0
7864	0	2	0	0
7865	0	22	0	2
7866	0	1	0	0
7867	0	1	0	0
7868	0	1	0	0
7870	0	0	0	1
7873	0	5	0	1
7875	0	1	0	1
7877	0	5	0	1
7878	0	1	0	0
7885	0	3	0	3
7883	0	1	0	0
7884	0	5	0	0
7886	0	1	0	0
7887	0	1	0	0
7888	0	1	0	0
7889	0	1	0	0
7891	0	1	0	0
7892	0	1	0	0
7893	0	2	0	0
7372	0	0	0	1
7894	0	1	0	0
7900	0	27	0	0
7901	0	28	0	2
7902	0	18	0	3
7903	0	4	0	0
7904	0	6	0	0
7905	0	1	0	0
7906	0	3	0	7
7907	0	10	0	2
7911	0	1	0	0
7869	0	1	0	0
7914	0	1	0	0
7915	0	1	0	0
7916	0	2	0	0
7919	0	3	0	0
7920	0	1	0	0
7922	0	1	0	0
7923	0	1	0	0
7925	0	1	0	0
7930	0	1	0	0
7929	0	3	0	1
7932	0	1	0	1
7933	0	3	0	1
7931	0	2	0	0
7934	0	0	0	1
7935	0	0	0	1
7937	0	1	0	0
7938	0	2	0	0
7939	0	1	0	0
7940	0	1	0	0
7941	0	1	0	0
7942	0	1	0	0
7944	0	1	0	0
7945	0	4	0	1
7948	0	2	0	0
7949	0	1	0	0
7950	0	1	0	0
7953	0	1	0	0
7954	0	1	0	0
7955	0	1	0	0
7956	0	1	0	0
7959	0	1	0	0
7960	0	1	0	0
7964	0	8	0	3
7966	0	1	0	0
7968	0	1	0	2
7969	0	0	0	2
7967	0	3	0	1
7970	0	0	0	1
7972	0	1	0	0
7973	1	0	0	0
7974	0	1	0	0
7975	0	1	0	0
7976	0	1	0	0
7978	0	1	0	0
7980	0	2	0	13
7981	0	1	0	0
7982	1	0	0	0
7985	0	1	0	0
7986	0	0	1	0
7993	0	1	0	1
7995	0	0	0	1
7998	0	1	0	0
7999	0	1	0	0
8000	0	1	0	0
8001	0	1	0	0
8005	0	2	0	0
8006	0	0	0	1
8009	0	1	0	0
8010	0	2	0	0
8011	0	1	0	0
8012	0	7	0	0
8013	0	1	0	0
8014	0	0	0	1
8015	0	0	1	0
8020	0	0	0	1
8027	0	1	0	0
8035	0	1	0	0
8036	0	19	0	0
8040	0	1	0	0
8041	0	3	0	0
8045	0	2	0	5
8046	0	14	0	2
8047	0	17	0	3
8048	0	2	0	1
8049	0	1	0	0
8052	0	1	0	0
8053	0	17	0	3
8054	0	2	0	0
8055	0	1	0	0
8056	0	1	0	0
8057	0	1	0	0
8060	0	5	0	0
8061	0	3	0	2
8062	0	1	0	0
8063	0	3	0	0
8064	0	1	0	0
8065	0	1	0	0
8066	0	0	0	3
8069	0	4	0	0
8070	0	1	0	0
8071	0	1	0	0
8072	0	1	0	0
8074	0	1	0	0
8076	1	0	1	0
8075	0	0	0	1
8077	0	1	0	1
8080	0	1	0	0
8081	0	1	0	0
8023	0	1	0	0
8084	0	1	0	0
8085	0	16	0	0
8086	0	1	0	0
8087	0	1	0	0
8088	0	1	0	1
8089	0	0	1	0
8091	0	1	0	0
8092	0	4	0	1
8093	0	1	0	0
8094	0	1	0	3
8095	0	1	0	0
8097	0	1	0	1
8096	0	1	0	0
8098	0	1	0	0
8099	0	1	0	0
8100	0	1	0	0
8101	0	1	0	0
8102	0	1	0	0
8108	0	0	0	1
8103	0	1	0	0
8104	0	1	0	0
8105	0	1	0	0
8111	0	0	0	2
8112	0	0	0	2
8106	0	1	0	0
8107	0	11	0	2
8114	0	0	0	1
8115	0	0	0	1
8109	0	1	0	0
8110	0	1	0	0
8118	0	1	0	0
8119	0	1	0	0
8120	0	1	0	0
8126	0	0	0	1
8131	0	0	0	2
8133	0	1	0	0
8135	0	1	0	0
8138	0	0	0	1
8136	0	1	0	0
8137	0	1	0	0
8140	0	1	0	0
8142	0	0	0	1
8144	0	0	0	1
8145	0	0	0	2
8146	0	1	0	1
8147	0	0	0	1
8152	0	10	0	0
8153	0	1	0	0
8155	0	1	0	0
8156	0	5	0	0
8158	0	0	0	1
8159	0	0	0	1
8157	0	2	0	0
8161	0	1	0	0
8162	0	9	0	0
8166	0	1	0	0
8167	0	1	0	0
8170	0	1	0	0
8171	0	3	0	0
8172	0	1	0	0
8173	0	6	0	1
8177	0	1	0	0
7472	0	1	0	0
8179	0	1	0	0
8184	0	0	0	1
8180	0	1	0	0
8181	0	1	0	0
8182	0	1	0	0
8183	0	1	0	0
8187	0	1	0	0
8190	0	4	0	0
8189	0	2	0	2
8193	0	2	0	0
8194	0	1	0	0
8195	0	1	0	0
8196	0	1	0	0
8197	0	1	0	0
8199	0	1	0	0
8202	0	1	0	0
8203	0	1	0	0
8206	0	0	0	1
8205	0	1	0	0
8211	0	10	0	1
8213	0	1	0	0
8215	0	1	0	0
8216	0	1	0	0
8221	0	1	0	0
8222	0	5	0	1
8231	0	1	0	0
8232	0	1	0	0
8233	0	1	0	0
8236	0	1	0	0
8214	0	1	0	0
8238	0	1	0	0
8241	0	2	0	0
8242	0	1	0	0
8243	0	3	0	3
8244	0	0	0	1
8245	0	0	0	1
8248	0	1	0	0
8229	0	0	0	1
8251	0	1	0	0
8252	0	1	0	0
8253	0	1	0	0
8254	0	1	0	0
8255	0	1	0	0
8256	0	1	0	0
8260	0	1	0	0
8261	0	1	0	0
8262	0	1	0	0
8264	0	1	0	0
8265	0	1	0	0
8266	0	1	0	0
7637	0	1	0	0
8270	0	2	0	0
8272	0	1	0	0
8273	0	1	0	0
8150	0	0	0	2
8274	0	0	0	1
