	(0, 0, 0, 0)	(0, 0, 0, 1)	(0, 0, 1, 0)	(0, 0, 1, 1)	(0, 1, 0, 0)	(0, 1, 0, 1)	(0, 1, 1, 0)	(0, 1, 1, 1)	(1, 0, 0, 0)	(1, 0, 0, 1)	(1, 0, 1, 0)	(1, 0, 1, 1)	(1, 1, 0, 0)	(1, 1, 0, 1)	(1, 1, 1, 0)	(1, 1, 1, 1)
('3', '30')	0	0	0	0	0	0	0	0	0	0	0	0	0	0	0	0
('30', '3')	0	0	0	0	0	0	0	0	0	0	0	0	0	0	0	0
('3', '54')	0	0	0	0	0	0	0	0	0	0	0	0	0	0	0	0
('54', '3')	0	0	0	0	0	0	0	0	0	0	0	0	0	0	0	0
('3', '214')	0	0	0	0	0	0	0	0	0	0	0	0	0	0	0	0
('214', '3')	0	0	0	0	0	0	0	0	0	0	0	0	0	0	0	0
('3', '28')	0	0	0	0	0	0	0	0	0	0	0	0	0	0	0	0
('28', '3')	0	0	0	0	0	0	0	0	0	0	0	0	0	0	0	0
('3', '286')	0	0	0	0	0	0	0	0	0	0	0	0	0	0	0	0
('286', '3')	0	0	0	0	0	0	0	0	0	0	0	0	0	0	0	0
('30', '54')	0	0	0	0	0	0	0	0	0	0	1	0	0	0	0	0
('54', '30')	0	0	0	0	0	0	0	0	0	0	1	0	0	0	0	0
('30', '214')	0	0	0	0	0	0	0	0	0	0	1	0	0	0	0	0
('214', '30')	0	0	0	0	0	0	0	0	0	0	1	0	0	0	0	0
('30', '28')	0	0	0	0	0	0	0	0	0	0	1	0	0	0	0	0
('28', '30')	0	0	0	0	0	0	0	0	0	0	1	0	0	0	0	0
('30', '286')	0	0	0	0	0	0	0	0	0	0	1	0	0	0	0	0
('286', '30')	0	0	0	0	0	0	0	0	0	0	1	0	0	0	0	0
('54', '214')	0	0	0	0	0	0	0	0	0	0	1	0	0	0	0	0
('214', '54')	0	0	0	0	0	0	0	0	0	0	1	0	0	0	0	0
('54', '28')	0	0	0	0	0	0	0	0	0	0	1	0	0	0	0	0
('28', '54')	0	0	0	0	0	0	0	0	0	0	1	0	0	0	0	0
('54', '286')	0	0	0	0	0	0	0	0	0	0	1	0	0	0	0	0
('286', '54')	0	0	0	0	0	0	0	0	0	0	1	0	0	0	0	0
('214', '28')	0	0	0	0	0	0	0	0	0	0	1	0	0	0	0	0
('28', '214')	0	0	0	0	0	0	0	0	0	0	1	0	0	0	0	0
('214', '286')	0	0	0	0	0	0	0	0	0	0	1	0	0	0	0	0
('286', '214')	0	0	0	0	0	0	0	0	0	0	1	0	0	0	0	0
('28', '286')	0	0	0	0	0	0	0	0	0	0	1	0	0	0	0	0
('286', '28')	0	0	0	0	0	0	0	0	0	0	1	0	0	0	0	0
